00001648 | 6 7 33 38 44 4 8 | 27-1-2013
00001207 | 4 25 29 32 42 4 10 | 3-10-1981
00001851 | 6 22 24 27 28 4 11 | 22-8-1997
00001082 | 3 7 8 16 36 4 5 | 18-11-2021
00000228 | 16 17 21 35 36 3 7 | 24-12-1964
00000335 | 14 26 30 32 38 2 9 | 13-4-2008
00001383 | 8 30 37 45 46 1 8 | 20-1-1976
00001450 | 7 12 38 46 47 1 3 | 6-2-2012
00001408 | 30 40 42 46 47 7 8 | 18-5-1982
00001000 | 16 19 22 24 35 2 4 | 13-3-2012
00001924 | 12 19 27 42 45 4 10 | 21-5-1965
00000613 | 8 10 15 25 45 1 3 | 17-2-1988
00000084 | 16 30 39 41 46 7 9 | 9-2-1986
00000954 | 10 22 28 34 46 3 9 | 2-8-1983
00000389 | 2 22 31 47 48 6 9 | 21-5-1978
00001945 | 6 10 26 43 47 6 7 | 15-1-1953
00000449 | 24 27 35 44 47 8 11 | 15-2-1978
00001206 | 5 7 25 39 50 9 10 | 26-11-1967
00000788 | 12 14 28 36 43 1 2 | 21-8-1997
00000715 | 6 9 12 19 48 5 7 | 26-10-2008
00001443 | 7 23 29 39 48 9 10 | 24-7-2008
00000198 | 9 22 37 43 47 8 9 | 2-5-1968
00001197 | 2 5 19 22 32 2 11 | 6-3-1968
00000043 | 1 12 28 29 48 1 5 | 9-2-2004
00001229 | 18 21 33 38 50 2 6 | 23-2-1971
00001281 | 15 20 31 38 44 2 5 | 23-4-2015
00001056 | 7 10 19 24 26 3 5 | 5-9-2016
00000708 | 12 22 27 35 50 1 3 | 18-6-2019
00001184 | 11 23 31 34 49 5 8 | 19-9-2015
00000681 | 1 2 12 22 31 3 6 | 3-10-1989
00000163 | 12 14 18 26 41 5 6 | 27-6-2014
00001626 | 3 4 16 19 40 1 9 | 26-8-1978
00000198 | 3 23 24 33 42 9 10 | 16-4-2003
00000741 | 12 19 20 23 33 1 4 | 2-1-1972
00000294 | 16 17 27 29 47 7 8 | 9-12-2007
00001388 | 1 10 20 26 40 5 6 | 13-12-1951
00001934 | 19 20 25 44 45 4 5 | 1-8-1971
00001549 | 15 31 39 40 48 9 10 | 22-5-1989
00001112 | 10 11 19 37 46 9 11 | 4-1-1959
00001698 | 24 25 31 36 38 3 5 | 4-2-1964
00001865 | 2 35 36 48 49 8 10 | 10-3-1999
00000812 | 14 15 19 35 36 1 10 | 24-9-2005
00000172 | 4 8 11 13 15 6 10 | 17-10-1971
00001521 | 1 15 29 47 49 3 6 | 15-4-1974
00001797 | 2 6 16 34 49 6 9 | 26-9-1985
00000975 | 10 15 23 34 41 8 10 | 25-2-1979
00000761 | 3 10 15 29 33 5 8 | 7-3-1954
00000895 | 4 8 26 37 38 3 7 | 13-7-1970
00000371 | 5 20 23 33 50 6 7 | 26-8-1986
00001380 | 6 18 32 34 41 1 7 | 13-10-1960
00001217 | 1 27 33 34 40 3 5 | 14-4-1956
00000193 | 1 6 7 32 47 4 5 | 24-1-2019
00000655 | 4 12 44 45 47 1 7 | 2-1-1954
00000100 | 2 11 22 43 44 8 9 | 2-3-2011
00000564 | 1 2 13 40 45 3 8 | 9-7-1965
00001450 | 3 21 23 28 44 10 11 | 18-5-1964
00000213 | 12 21 27 28 47 9 11 | 21-9-1965
00001956 | 19 20 29 34 43 3 6 | 14-4-2008
00001689 | 8 24 34 48 49 9 10 | 0-8-1967
00001404 | 3 14 17 21 47 6 7 | 7-12-1975
00001148 | 1 21 26 28 44 5 8 | 20-12-1993
00001827 | 13 24 28 37 39 4 11 | 3-6-2020
00001869 | 1 30 31 43 50 7 10 | 16-5-1982
00001149 | 10 11 14 20 38 8 10 | 8-10-1967
00000405 | 12 14 27 47 49 9 10 | 9-2-2013
00001187 | 1 6 32 37 42 4 6 | 19-1-1962
00001900 | 18 21 35 39 46 6 8 | 11-7-1985
00001192 | 1 32 39 45 50 6 11 | 21-8-2020
00000286 | 1 15 29 47 50 1 8 | 5-10-1990
00000753 | 5 12 14 17 48 1 6 | 16-2-1985
00001967 | 24 32 42 44 45 4 8 | 5-7-2003
00001088 | 4 15 16 18 23 6 11 | 24-10-2007
00000632 | 11 17 24 30 32 9 10 | 13-6-2009
00000294 | 1 6 19 21 36 3 9 | 11-7-1961
00001750 | 8 14 28 31 33 2 3 | 20-10-1968
00000667 | 6 24 31 35 47 3 11 | 4-12-1977
00001292 | 6 9 16 18 34 9 11 | 1-8-2009
00000187 | 19 20 22 28 32 2 9 | 4-8-1993
00001959 | 3 13 26 28 33 8 11 | 14-4-2016
00001021 | 7 35 38 45 46 2 6 | 10-10-2003
00001184 | 1 25 31 43 44 1 7 | 3-3-1967
00001010 | 1 13 21 26 49 2 9 | 24-7-1972
00001644 | 11 30 32 44 46 1 2 | 16-5-2014
00000690 | 2 11 21 41 49 6 8 | 3-9-1991
00000685 | 2 14 15 45 47 1 11 | 21-3-1993
00001871 | 1 19 38 45 47 8 11 | 2-1-1971
00000429 | 2 13 16 28 45 5 7 | 23-11-2007
00001170 | 20 26 30 38 42 6 9 | 26-7-2004
00000164 | 13 26 28 33 43 6 8 | 8-6-1996
00001018 | 15 27 35 39 45 5 6 | 27-5-1977
00000388 | 19 21 24 42 43 3 7 | 15-1-1997
00000873 | 16 17 33 36 38 3 10 | 5-6-1965
00001243 | 6 11 19 20 32 2 10 | 10-6-1956
00001971 | 11 12 14 33 46 3 4 | 8-3-1969
00000476 | 17 22 37 38 45 6 10 | 19-1-2003
00000868 | 18 32 34 36 37 2 11 | 14-3-2003
00001108 | 21 25 32 41 43 2 3 | 7-5-1954
00001438 | 18 41 43 46 50 7 11 | 20-2-1988
00000238 | 10 12 28 42 46 2 3 | 10-10-1977
00000542 | 9 11 28 38 46 6 11 | 10-6-1959
00000430 | 8 10 13 31 47 3 4 | 12-9-1986
00001082 | 16 20 26 36 40 7 11 | 27-8-2019
00000706 | 8 14 18 33 37 1 4 | 7-9-1982
00000744 | 7 35 37 43 47 4 7 | 27-3-2007
00000601 | 20 29 35 38 43 2 9 | 18-8-1988
00000852 | 11 12 20 22 40 8 10 | 17-11-2006
00001999 | 8 25 32 33 36 2 5 | 6-4-1961
00001202 | 2 6 7 31 36 7 10 | 14-6-1954
00001980 | 11 13 21 36 49 1 5 | 27-6-1975
00001590 | 17 31 45 46 50 9 10 | 14-4-2018
00000106 | 2 4 13 23 41 2 3 | 7-1-1991
00000659 | 24 26 32 43 47 1 5 | 22-6-2016
00000067 | 12 16 25 27 40 2 6 | 6-5-2001
00000086 | 4 5 7 20 33 5 11 | 26-12-1956
00001537 | 7 23 24 29 41 5 7 | 24-1-2004
00001369 | 10 14 20 36 40 4 8 | 0-7-2013
00001181 | 15 20 22 33 39 2 5 | 3-2-1950
00001849 | 5 7 23 28 44 7 9 | 24-12-2019
00001370 | 19 26 34 45 46 5 11 | 16-1-2010
00000215 | 2 17 25 37 46 4 6 | 8-7-2021
00001937 | 5 23 29 44 46 3 7 | 12-11-1992
00000877 | 1 10 16 33 42 2 6 | 23-8-2001
00001374 | 8 10 15 25 40 3 8 | 27-2-1985
00001989 | 2 23 26 27 41 3 7 | 20-9-1982
00000756 | 2 26 29 32 36 8 11 | 10-10-1983
00001756 | 3 12 20 34 39 8 10 | 24-10-1998
00000674 | 10 28 30 36 45 6 7 | 18-9-1963
00000956 | 4 21 26 39 49 4 6 | 24-7-2003
00001841 | 3 30 36 37 47 3 9 | 1-2-1973
00000192 | 16 17 23 29 39 9 10 | 2-4-1982
00000803 | 14 20 27 38 49 1 4 | 11-7-2020
00001036 | 14 23 32 34 38 4 7 | 7-4-1977
00001144 | 24 25 31 34 48 2 4 | 2-12-1962
00000643 | 11 18 19 33 37 2 6 | 18-7-2021
00000567 | 4 9 36 45 46 9 11 | 3-9-1966
00001577 | 8 30 36 47 50 3 4 | 15-8-1966
00000078 | 5 11 38 44 48 1 8 | 11-11-1990
00000922 | 5 15 19 23 44 2 4 | 8-9-1961
00001543 | 4 16 27 33 34 5 11 | 20-8-1994
00000790 | 11 14 27 39 49 4 7 | 11-7-2006
00001207 | 30 40 42 43 49 2 4 | 13-7-1969
00000921 | 10 16 22 25 45 2 10 | 27-12-2003
00001005 | 1 16 29 39 41 2 8 | 11-5-2001
00000818 | 8 25 40 44 48 4 5 | 15-10-2002
00001200 | 9 16 17 20 26 3 5 | 13-11-1979
00001993 | 12 22 26 35 50 4 8 | 19-6-1968
00001317 | 21 22 26 29 31 7 10 | 18-6-2000
00001178 | 2 7 24 28 37 5 7 | 18-5-2019
00001862 | 1 22 29 34 49 6 7 | 16-1-1974
00000995 | 5 9 25 29 46 4 5 | 14-7-2016
00001817 | 6 8 29 32 38 5 7 | 14-6-1993
00001132 | 14 17 35 48 50 3 4 | 13-2-1999
00000810 | 27 31 35 36 41 9 10 | 22-12-2005
00001667 | 7 14 19 37 50 2 3 | 11-12-2015
00000472 | 2 12 25 28 34 2 9 | 25-2-1977
00000650 | 10 22 26 31 35 6 10 | 27-7-1963
00000137 | 8 21 34 38 39 6 7 | 21-1-1995
00001378 | 5 20 28 44 47 5 7 | 10-1-1965
00001127 | 7 9 26 29 30 9 10 | 2-3-1975
00000940 | 10 22 24 30 42 4 5 | 1-12-1977
00000132 | 37 44 48 49 50 10 11 | 11-5-1980
00000320 | 5 10 16 39 43 4 10 | 27-8-1967
00000014 | 14 33 41 47 49 3 6 | 8-6-2019
00001612 | 7 9 16 21 50 6 11 | 17-2-1953
00001589 | 4 7 13 17 24 4 6 | 1-11-1998
00000712 | 1 11 14 27 35 7 10 | 11-11-1997
00000617 | 12 38 39 46 49 1 9 | 20-8-1954
00001233 | 4 21 34 36 42 6 9 | 8-9-2012
00001488 | 7 24 29 31 49 4 8 | 1-11-2003
00001141 | 4 9 13 16 19 4 7 | 9-12-2012
00001155 | 4 6 11 21 27 4 6 | 8-3-1959
00001595 | 19 23 34 47 48 4 8 | 3-4-1972
00000131 | 9 10 17 21 40 4 7 | 18-8-1989
00001684 | 12 13 22 32 46 6 9 | 4-2-1957
00001890 | 28 32 38 39 43 1 9 | 20-7-2006
00001614 | 10 19 24 33 40 7 9 | 13-9-1964
00001056 | 3 12 20 22 39 2 4 | 23-5-1973
00000241 | 4 11 16 19 33 3 11 | 14-8-1951
00000678 | 27 35 44 45 49 2 8 | 12-5-1966
00000834 | 1 6 16 28 48 5 10 | 15-9-2021
00000450 | 1 21 28 33 49 4 6 | 27-5-1968
00000777 | 3 8 23 31 41 6 11 | 4-4-1992
00001844 | 4 6 35 38 47 3 8 | 1-5-1964
00001155 | 15 17 18 30 42 2 3 | 13-5-1993
00000157 | 11 12 28 32 48 8 9 | 17-3-2004
00000103 | 16 18 25 44 45 4 8 | 6-8-1983
00001932 | 11 13 20 37 40 1 10 | 12-6-1969
00000914 | 11 14 17 39 49 5 6 | 18-10-1978
00001700 | 4 13 18 21 34 1 3 | 20-11-1956
00001577 | 3 4 11 14 45 5 6 | 0-4-1978
00000960 | 5 8 14 16 42 2 6 | 6-9-1959
00001441 | 31 35 36 39 43 8 10 | 20-11-1966
00001747 | 7 14 27 38 44 5 6 | 7-10-1983
00000371 | 7 8 11 24 46 2 8 | 3-11-2017
00000262 | 4 7 9 12 36 2 11 | 24-4-1968
00001833 | 2 4 12 35 42 6 7 | 2-12-1983
00001845 | 6 12 23 25 44 1 5 | 12-9-1987
00000793 | 1 7 27 35 46 3 5 | 10-8-2015
00001289 | 12 22 28 34 45 5 9 | 24-6-2009
00000765 | 5 17 18 35 39 2 9 | 4-4-1965
00001444 | 5 6 8 17 22 4 7 | 11-3-1985
00000635 | 14 21 23 36 47 1 10 | 13-3-1992
00000999 | 2 6 32 38 48 1 9 | 8-12-2004
00001887 | 8 9 32 35 48 3 5 | 21-5-1986
00000781 | 7 8 9 20 30 4 9 | 13-7-1973
00001759 | 6 11 12 30 40 2 4 | 3-7-1955
00000473 | 2 8 10 41 49 4 10 | 23-9-1985
00001255 | 3 4 23 24 31 1 8 | 27-11-1951
00000130 | 20 24 36 40 42 7 11 | 1-6-1964
00001328 | 11 27 35 37 42 5 7 | 17-7-1956
00000629 | 25 29 38 41 48 3 9 | 23-8-1998
00000138 | 19 20 24 39 48 8 11 | 10-5-1982
00000395 | 2 3 31 35 38 5 9 | 3-11-2004
00001049 | 12 17 20 27 37 3 11 | 1-8-1967
00001015 | 7 18 27 34 35 1 7 | 0-8-1960
00001509 | 4 27 36 39 44 5 8 | 21-5-1979
00001961 | 28 30 38 40 42 4 11 | 18-10-2006
00000744 | 5 15 22 33 40 3 11 | 21-10-1986
00000829 | 9 16 27 36 45 5 7 | 2-5-1998
00000778 | 12 14 41 42 50 1 2 | 6-2-1956
00000983 | 9 20 33 34 40 1 6 | 25-12-1959
00000741 | 5 18 33 44 49 6 7 | 9-1-2001
00000688 | 7 10 25 28 43 4 6 | 12-7-1983
00001056 | 8 26 34 38 48 2 9 | 25-3-1955
00000334 | 5 35 40 42 46 3 8 | 1-9-1957
00000885 | 14 28 33 40 43 10 11 | 5-10-1983
00001572 | 13 30 45 46 48 7 8 | 4-2-1976
00000336 | 4 21 22 26 29 2 4 | 26-4-1988
00000155 | 1 29 30 33 41 8 9 | 5-7-1963
00000185 | 35 39 42 46 47 4 10 | 13-10-2001
00001295 | 3 18 31 32 33 3 10 | 14-10-1966
00000516 | 11 29 30 33 49 5 9 | 9-4-1998
00001647 | 12 23 32 43 48 2 7 | 15-4-1955
00001609 | 2 9 13 22 47 2 11 | 21-12-1972
00000321 | 2 10 38 47 50 4 11 | 18-7-1975
00001434 | 14 16 19 24 44 2 3 | 25-11-2003
00001015 | 7 14 26 30 31 2 3 | 21-10-2012
00001722 | 3 4 12 23 38 5 6 | 2-8-1977
00001775 | 16 22 36 43 48 9 11 | 10-7-1968
00001513 | 7 23 31 35 43 2 7 | 22-7-1977
00001589 | 8 13 34 44 50 5 9 | 19-3-2012
00000162 | 29 31 33 38 46 10 11 | 26-10-1983
00000603 | 4 12 27 38 44 10 11 | 22-1-2004
00000924 | 4 28 34 36 48 1 4 | 20-6-1978
00000487 | 24 27 34 36 37 6 10 | 0-8-2007
00000026 | 21 29 30 32 33 3 5 | 21-7-2000
00000722 | 8 21 23 25 40 2 10 | 12-7-1999
00001375 | 11 14 17 32 36 2 7 | 25-7-1998
00001628 | 1 2 13 27 39 3 11 | 16-11-1973
00001340 | 15 24 46 48 49 1 9 | 27-3-2017
00000162 | 6 39 40 43 44 7 10 | 16-12-1961
00000747 | 21 23 28 31 42 5 9 | 16-11-1955
00001538 | 11 12 20 28 47 3 5 | 11-4-1963
00001614 | 5 19 24 36 42 6 7 | 7-5-1982
00000482 | 2 34 42 44 47 1 3 | 2-6-1994
00001522 | 4 20 24 31 37 8 9 | 10-5-1959
00000949 | 9 17 19 26 45 7 8 | 17-7-1954
00001728 | 1 8 17 21 43 2 11 | 11-11-2005
00000982 | 15 16 21 39 42 7 9 | 4-4-1978
00000877 | 1 11 20 38 46 7 11 | 13-12-1967
00001930 | 14 23 35 41 42 3 7 | 1-6-2008
00000070 | 8 11 14 17 29 8 11 | 1-1-1968
00001547 | 16 35 41 44 50 4 11 | 17-10-2015
00000246 | 1 5 19 32 45 3 4 | 7-6-1967
00000323 | 3 12 36 47 48 4 10 | 2-5-1985
00001857 | 16 21 41 44 48 1 2 | 20-7-1964
00001484 | 1 2 25 30 31 1 5 | 12-1-2004
00001579 | 7 15 45 47 48 2 6 | 8-8-1997
00000601 | 5 6 15 38 45 8 9 | 2-2-1971
00000172 | 33 35 36 42 46 6 7 | 14-8-1979
00000880 | 13 37 39 44 45 3 9 | 7-5-1954
00000628 | 14 17 29 40 41 1 11 | 17-7-2006
00000045 | 28 44 45 46 50 2 5 | 3-2-1978
00000475 | 28 39 44 46 48 8 10 | 20-3-1963
00000786 | 17 30 38 47 48 2 10 | 12-11-2015
00001647 | 21 28 32 34 41 4 6 | 24-5-1952
00001574 | 15 27 36 39 48 5 10 | 13-7-2000
00000421 | 12 28 37 44 46 7 11 | 17-2-1955
00001386 | 1 11 30 33 46 3 11 | 18-5-1983
00000049 | 13 17 23 27 49 4 10 | 9-4-2008
00000009 | 11 12 35 40 42 7 11 | 24-5-1960
00000055 | 13 23 31 40 41 5 7 | 13-12-1959
00001250 | 6 21 34 37 43 4 7 | 8-10-2010
00000091 | 5 7 13 41 46 3 8 | 23-5-1970
00000579 | 4 11 22 27 42 2 10 | 10-9-2011
00001280 | 11 17 20 21 50 3 9 | 11-3-1971
00000260 | 21 33 34 44 49 4 10 | 4-2-1973
00000163 | 5 22 30 32 46 1 8 | 22-2-2009
00001501 | 10 11 14 36 48 1 4 | 7-1-1965
00001063 | 10 13 36 38 50 4 8 | 4-11-2010
00000379 | 5 23 27 35 41 2 7 | 22-10-1983
00000230 | 11 28 32 33 38 3 4 | 26-6-2017
00000679 | 8 15 25 41 49 3 9 | 26-8-1956
00000007 | 4 8 24 27 38 1 4 | 25-4-1974
00000458 | 18 25 36 39 48 1 10 | 4-5-1959
00000468 | 16 30 34 35 37 4 8 | 5-1-1966
00000875 | 4 16 30 36 43 5 7 | 3-12-2019
00000626 | 19 21 22 23 37 2 8 | 16-1-2006
00000929 | 32 33 39 47 49 1 7 | 7-2-1999
00000160 | 5 15 16 22 31 5 10 | 19-3-1956
00000287 | 3 22 27 30 35 3 8 | 23-12-2007
00000031 | 3 10 11 13 33 8 11 | 4-8-1993
00000038 | 16 24 28 45 49 3 4 | 12-4-2021
00001303 | 12 35 38 39 42 2 5 | 20-4-1979
00001091 | 3 7 21 31 49 3 5 | 19-11-2011
00001402 | 16 18 21 29 31 7 8 | 15-8-1985
00001600 | 2 10 31 37 39 2 10 | 11-2-1971
00000262 | 5 11 31 38 42 5 10 | 18-4-2000
00000787 | 2 4 20 34 36 4 11 | 17-2-1958
00001013 | 30 34 35 44 47 4 11 | 5-12-2003
00000821 | 5 9 15 23 30 2 5 | 0-6-2021
00000241 | 1 6 8 18 43 1 5 | 1-4-2007
00000619 | 15 26 37 43 49 1 10 | 13-3-1991
00000036 | 5 20 24 34 36 3 4 | 22-1-1952
00000925 | 1 16 36 43 49 1 9 | 26-9-2021
00001939 | 5 33 39 45 48 1 5 | 0-9-1998
00001227 | 1 8 11 30 35 7 11 | 25-10-2006
00000901 | 15 17 30 36 47 6 8 | 4-5-1952
00000329 | 22 29 31 34 49 1 3 | 1-2-1955
00000829 | 1 2 23 27 31 2 9 | 0-1-2010
00000622 | 16 17 26 32 47 7 10 | 27-4-1991
00001503 | 13 18 26 40 47 1 8 | 17-9-1962
00001646 | 15 19 29 31 37 4 11 | 4-8-1954
00000093 | 7 13 32 36 46 6 8 | 18-11-2002
00000474 | 20 24 41 46 50 2 3 | 17-2-1957
00001096 | 5 21 33 40 50 4 6 | 11-8-1951
00001005 | 7 17 29 31 39 3 6 | 25-8-1979
00001882 | 1 12 27 31 44 4 10 | 19-4-1955
00000039 | 6 14 33 41 46 5 11 | 26-7-2006
00000926 | 4 13 26 40 45 10 11 | 17-8-1969
00000395 | 9 13 14 35 37 1 6 | 26-12-2019
00001879 | 8 18 31 38 41 2 4 | 26-8-1953
00000110 | 7 17 28 30 37 7 9 | 24-6-1980
00000170 | 1 8 35 42 45 1 4 | 15-11-2015
00001213 | 6 14 19 35 50 1 3 | 10-10-1969
00001137 | 3 34 41 44 48 5 10 | 9-10-1977
00000914 | 16 18 19 35 43 2 10 | 13-4-1968
00000954 | 1 32 38 42 46 7 11 | 19-2-1960
00001235 | 1 11 32 35 50 5 10 | 7-10-1988
00000889 | 12 23 32 35 41 6 9 | 2-3-1990
00000785 | 10 11 20 30 32 4 6 | 0-3-2002
00001710 | 2 11 35 38 43 1 9 | 18-7-1962
00001237 | 13 17 18 23 45 2 4 | 13-1-1953
00000291 | 12 27 28 33 44 1 11 | 16-10-2011
00000543 | 8 12 17 27 42 6 11 | 26-10-1984
00000371 | 3 9 20 33 43 2 11 | 13-4-1967
00001450 | 10 15 19 31 36 3 7 | 6-12-1957
00001406 | 8 15 21 33 42 7 10 | 21-3-1976
00000575 | 8 9 15 25 49 8 10 | 2-10-2009
00001791 | 4 20 36 44 47 1 10 | 11-4-1967
00001234 | 10 32 36 40 44 3 9 | 17-8-1973
00001473 | 6 18 27 29 50 7 10 | 19-5-1962
00001300 | 1 3 20 27 34 1 6 | 25-10-1984
00000689 | 21 22 28 33 37 4 7 | 1-9-1985
00001340 | 5 24 34 35 39 1 10 | 15-12-1965
00001601 | 15 25 27 39 49 9 10 | 11-8-2000
00000332 | 2 3 38 43 44 5 11 | 1-7-1952
00001161 | 29 30 31 33 50 4 8 | 20-10-1999
00000251 | 6 25 28 30 37 7 8 | 19-2-2017
00000180 | 36 37 39 46 49 8 11 | 26-2-1965
00000339 | 6 16 24 26 50 1 9 | 0-6-1992
00001515 | 1 10 34 41 45 10 11 | 10-6-1997
00001122 | 2 18 32 39 47 8 11 | 25-3-1962
00001247 | 8 21 38 40 42 2 9 | 4-5-1991
00001963 | 3 13 14 37 40 3 7 | 17-2-1953
00000307 | 1 8 29 40 43 8 10 | 9-9-1968
00001387 | 4 7 10 35 46 7 10 | 12-3-1962
00001846 | 2 3 18 40 43 7 9 | 7-4-2016
00001499 | 1 21 22 27 43 1 3 | 26-8-2003
00000775 | 5 9 23 47 49 1 6 | 15-12-1955
00000849 | 10 12 32 40 50 1 11 | 24-2-1979
00000245 | 16 19 20 40 42 5 11 | 20-2-2002
00001958 | 19 29 37 38 49 3 11 | 24-8-1988
00001643 | 4 6 23 31 46 1 4 | 16-8-2016
00001430 | 5 10 15 35 41 2 5 | 7-11-1980
00000039 | 13 16 18 30 32 2 4 | 3-2-1975
00001346 | 5 8 20 30 36 1 3 | 5-11-2002
00000756 | 4 32 37 41 42 3 4 | 13-9-1960
00000593 | 8 15 20 42 44 6 7 | 8-7-1970
00000214 | 12 26 38 42 46 3 11 | 17-3-1969
00001041 | 6 25 43 46 50 7 11 | 26-8-2001
00001614 | 3 12 19 28 30 2 4 | 7-3-2016
00001616 | 15 19 24 40 44 2 8 | 10-9-1984
00001523 | 7 15 34 36 50 7 11 | 11-5-1988
00001488 | 4 13 23 35 46 1 7 | 22-6-1980
00000399 | 1 3 25 41 45 9 10 | 2-10-2006
00000385 | 9 13 24 31 32 5 8 | 8-9-2009
00000856 | 4 9 21 24 47 1 3 | 26-8-1951
00001849 | 23 28 33 34 45 4 5 | 18-2-2021
00000754 | 4 7 25 34 49 9 11 | 4-5-1968
00000012 | 11 24 27 47 49 2 3 | 11-11-1970
00001819 | 2 7 38 43 44 2 6 | 7-1-1983
00000962 | 1 4 10 42 47 7 9 | 26-12-1980
00001771 | 13 17 23 24 48 8 10 | 4-6-1964
00001727 | 6 14 27 28 30 5 6 | 26-4-1978
00000100 | 9 25 32 34 42 7 8 | 17-6-1956
00001262 | 1 2 24 39 44 5 8 | 20-3-1972
00000148 | 15 21 28 39 47 1 6 | 6-9-2015
00001497 | 1 4 17 24 40 2 6 | 2-12-1954
00001768 | 6 13 16 38 49 5 10 | 18-5-1958
00001172 | 2 6 13 41 50 3 5 | 1-5-1975
00000387 | 2 4 7 11 26 2 7 | 27-3-1956
00001252 | 2 4 12 28 40 9 11 | 20-9-1981
00001366 | 10 34 42 43 45 7 9 | 3-8-1975
00001755 | 6 16 35 39 44 1 5 | 6-5-2014
00001619 | 10 13 17 35 36 2 10 | 19-5-2012
00000958 | 10 11 28 32 41 1 3 | 0-5-1970
00001093 | 5 22 38 39 48 1 9 | 12-12-1989
00000364 | 5 19 33 34 46 5 6 | 14-2-1986
00001529 | 7 12 29 40 48 3 5 | 11-4-1992
00000814 | 6 8 9 32 46 1 9 | 4-2-1958
00001037 | 1 2 31 38 48 2 7 | 26-3-1954
00001776 | 11 18 21 27 45 5 10 | 12-3-1951
00000741 | 22 27 28 44 46 2 4 | 25-2-2000
00000676 | 1 24 25 32 49 3 5 | 27-6-1983
00001736 | 1 16 34 43 46 3 5 | 2-10-2014
00000995 | 13 14 15 39 49 2 11 | 22-1-1957
00000879 | 3 15 23 27 48 7 9 | 25-7-2004
00000734 | 20 27 32 35 42 5 7 | 10-3-1990
00000202 | 24 25 34 36 41 8 9 | 11-6-1976
00000930 | 2 3 21 28 49 2 5 | 8-5-1967
00000189 | 6 11 35 39 49 2 3 | 22-10-1964
00000892 | 12 30 39 42 46 10 11 | 16-5-2013
00000427 | 10 19 28 29 38 3 6 | 12-10-1983
00000329 | 3 13 16 21 31 2 5 | 1-1-2005
00001798 | 5 11 15 32 44 6 8 | 17-7-1994
00001147 | 10 11 22 27 50 6 8 | 27-9-2021
00001768 | 7 15 17 37 42 2 3 | 2-7-1999
00001985 | 17 22 27 34 45 2 5 | 24-9-1966
00001440 | 1 21 22 48 49 4 10 | 18-1-1992
00001139 | 21 27 29 31 41 10 11 | 19-5-1986
00001152 | 10 22 32 34 42 2 3 | 6-11-1992
00001097 | 5 10 27 32 44 8 11 | 2-4-1957
00001028 | 22 25 29 38 39 5 6 | 20-5-1994
00001452 | 4 9 18 24 32 1 9 | 4-3-1965
00001594 | 5 9 23 26 44 3 11 | 9-8-1980
00001237 | 33 42 43 45 50 6 9 | 19-7-1964
00000725 | 2 5 36 37 41 1 10 | 25-1-2015
00000600 | 1 7 22 23 29 5 11 | 25-7-1994
00001174 | 4 25 37 42 46 6 8 | 25-8-1994
00000130 | 20 26 39 41 46 1 3 | 20-9-2011
00001300 | 10 23 27 30 42 2 3 | 8-12-1966
00000465 | 9 17 27 39 41 1 11 | 22-3-1996
00001872 | 26 29 39 45 47 4 10 | 2-11-1976
00001265 | 3 4 6 17 45 6 7 | 15-3-1977
00000867 | 16 20 34 44 49 3 8 | 18-10-2006
00000915 | 4 11 19 31 47 9 11 | 13-7-1989
00000877 | 4 7 36 40 50 3 5 | 10-5-1996
00000734 | 1 15 16 18 45 5 7 | 26-1-1983
00001451 | 13 21 36 40 50 1 4 | 26-4-1950
00001135 | 2 3 13 21 28 5 6 | 4-8-1986
00000229 | 14 18 36 44 49 5 9 | 23-2-1971
00000348 | 5 6 31 35 37 2 6 | 8-11-1996
00000963 | 1 9 11 46 48 1 2 | 2-9-2006
00001608 | 13 19 30 35 40 5 6 | 22-8-1993
00001185 | 8 9 14 26 35 3 4 | 20-7-2018
00001819 | 17 24 29 40 50 4 8 | 26-8-2010
00000337 | 3 10 24 26 45 5 9 | 18-2-1966
00000928 | 12 13 17 26 27 7 10 | 13-9-2009
00000930 | 4 20 27 28 46 4 11 | 21-5-1950
00001244 | 11 22 30 40 45 5 6 | 16-11-2005
00000681 | 12 17 22 27 50 3 6 | 6-7-1953
00000600 | 13 15 38 46 48 8 11 | 21-9-2017
00001465 | 6 23 24 38 40 2 10 | 0-12-2009
00001933 | 18 22 24 38 43 3 5 | 15-1-1973
00000855 | 8 18 34 36 41 2 3 | 4-7-2018
00001312 | 9 21 29 35 45 6 10 | 17-11-1999
00000835 | 10 15 20 25 48 3 6 | 18-7-1951
00000661 | 15 24 28 38 40 9 11 | 1-4-1953
00001243 | 5 7 38 44 50 8 9 | 24-11-1992
00000942 | 1 6 34 37 44 3 11 | 11-9-2008
00001682 | 3 15 21 25 35 1 2 | 22-12-1962
00001486 | 7 10 16 32 39 3 8 | 26-7-2001
00000877 | 8 11 15 30 37 2 3 | 18-4-1994
00001843 | 4 16 19 35 43 2 3 | 19-9-2016
00001989 | 15 17 21 29 47 4 9 | 24-12-2012
00000490 | 5 15 29 33 49 5 8 | 5-3-1989
00001763 | 4 10 11 29 31 2 5 | 2-9-1984
00000979 | 8 18 23 24 50 3 5 | 8-9-2020
00000764 | 5 18 23 42 46 9 10 | 26-4-1977
00000974 | 1 30 32 43 46 2 6 | 23-2-1991
00001477 | 24 32 36 40 41 4 6 | 23-4-1986
00001326 | 8 13 15 18 20 4 10 | 25-9-1955
00000909 | 6 20 24 34 41 2 8 | 2-1-1982
00001315 | 4 24 26 46 49 5 6 | 10-3-2006
00001331 | 9 16 21 26 28 4 10 | 13-7-2012
00001900 | 7 22 24 27 33 2 10 | 11-7-1953
00001605 | 12 13 25 38 45 1 4 | 0-9-1971
00001516 | 3 14 18 36 46 2 3 | 21-3-2012
00001702 | 16 17 19 36 38 6 10 | 27-11-1955
00000545 | 2 7 28 32 45 4 5 | 16-8-1975
00001474 | 11 18 22 48 50 2 8 | 0-5-1967
00000170 | 24 32 37 38 44 9 10 | 0-7-1977
00000246 | 1 6 20 28 41 3 7 | 18-10-1992
00001450 | 2 20 26 30 31 4 7 | 24-11-1987
00001919 | 4 15 30 36 44 1 8 | 25-10-1986
00000723 | 14 22 32 34 48 2 10 | 17-5-1956
00001221 | 2 7 32 44 45 6 11 | 26-11-1983
00001796 | 7 16 20 21 22 3 8 | 24-6-1983
00001340 | 3 7 10 41 42 5 7 | 13-12-1983
00000602 | 7 13 25 27 29 4 5 | 27-2-1985
00001462 | 22 27 39 40 44 5 10 | 23-8-2008
00000931 | 2 23 29 40 44 7 8 | 17-12-1974
00000054 | 4 8 27 38 44 3 7 | 13-9-1981
00001510 | 4 6 32 37 45 4 11 | 4-1-1994
00001272 | 8 26 35 43 48 7 10 | 14-1-1977
00001197 | 8 27 36 37 50 5 6 | 0-4-1963
00000088 | 3 10 44 45 48 7 8 | 9-6-1973
00000081 | 13 14 16 34 39 4 11 | 26-3-2014
00000086 | 12 18 25 32 35 8 10 | 27-3-2016
00000871 | 5 18 28 38 40 6 9 | 3-1-2001
00001325 | 2 3 11 35 49 3 4 | 22-6-1972
00000708 | 12 19 37 44 50 5 10 | 27-6-1996
00001548 | 13 16 19 25 26 6 9 | 8-8-1982
00001414 | 13 33 35 46 47 4 5 | 0-9-1979
00001673 | 34 36 42 45 49 4 11 | 12-7-1993
00001485 | 3 16 19 21 37 10 11 | 6-10-1980
00001160 | 17 24 28 33 38 6 7 | 6-7-1950
00000197 | 9 21 25 30 37 9 10 | 11-6-1979
00000767 | 11 14 27 36 46 2 8 | 10-9-1983
00001694 | 18 28 44 46 50 2 10 | 24-6-1973
00001846 | 3 22 39 40 43 8 9 | 9-12-1967
00001767 | 14 18 28 43 46 4 5 | 19-11-1955
00000907 | 8 25 27 32 44 1 8 | 26-10-2000
00000587 | 2 16 30 36 46 5 8 | 8-9-1951
00000940 | 3 15 30 38 41 6 11 | 7-10-1998
00000199 | 1 10 11 38 46 1 4 | 8-12-1965
00001412 | 19 38 39 43 46 3 5 | 4-4-1959
00001222 | 5 13 16 19 44 8 11 | 13-10-1995
00001726 | 6 9 26 28 48 1 8 | 1-8-1981
00000791 | 17 20 21 31 34 1 6 | 5-3-1962
00001205 | 2 11 13 17 48 8 9 | 4-9-2006
00001776 | 4 13 23 25 28 6 10 | 20-4-2006
00000592 | 6 34 35 37 44 2 3 | 6-1-1950
00001222 | 10 16 18 23 27 6 11 | 24-7-2013
00001363 | 2 3 6 19 42 2 8 | 0-2-1982
00000419 | 6 10 25 37 43 6 8 | 18-3-1967
00001966 | 3 16 28 44 49 2 11 | 27-1-1992
00000764 | 30 43 46 48 50 3 4 | 6-4-1992
00001235 | 3 28 34 45 49 2 5 | 19-9-2000
00000760 | 7 19 21 22 24 8 11 | 3-10-1975
00001490 | 9 25 39 43 44 4 11 | 22-6-1959
00000501 | 7 14 19 21 22 2 6 | 11-3-1998
00000754 | 6 18 26 29 46 3 5 | 1-5-1983
00001289 | 9 23 37 45 46 2 10 | 13-7-2020
00001356 | 5 7 24 28 30 3 8 | 22-5-1953
00001341 | 6 7 9 22 40 4 8 | 24-6-2017
00000312 | 40 42 45 46 48 6 8 | 14-5-1953
00000505 | 9 14 22 39 40 5 11 | 26-9-2017
00001089 | 2 5 13 44 47 4 10 | 4-12-1954
00000218 | 18 34 35 44 46 2 8 | 12-8-1950
00000996 | 4 11 32 38 46 9 10 | 7-9-1973
00001279 | 3 5 14 39 43 5 11 | 5-12-2007
00000754 | 13 26 41 45 50 2 4 | 21-12-1986
00000447 | 8 26 29 30 45 3 7 | 6-3-2005
00000186 | 2 11 34 46 50 4 6 | 15-4-2001
00000849 | 12 17 18 19 31 2 5 | 16-11-2020
00000387 | 3 11 14 26 40 6 11 | 0-1-2016
00001073 | 3 17 19 26 34 8 11 | 27-10-1981
00000151 | 21 22 31 33 37 1 3 | 5-11-2018
00000172 | 1 2 7 16 36 6 7 | 0-4-1995
00001119 | 4 12 16 37 49 7 8 | 11-9-1968
00001049 | 8 24 26 27 43 2 6 | 20-10-1993
00000940 | 10 13 15 26 40 1 11 | 0-6-1969
00000209 | 24 25 28 29 42 7 10 | 9-6-1993
00001805 | 5 8 12 29 48 6 11 | 1-12-1973
00001339 | 5 11 20 27 40 4 8 | 23-11-1973
00000065 | 3 19 37 39 44 5 9 | 7-4-1956
00000330 | 11 13 37 40 41 8 11 | 7-4-1964
00001330 | 9 23 26 32 33 3 9 | 27-9-2019
00001648 | 21 22 24 42 43 3 7 | 20-8-2012
00000607 | 12 28 29 30 46 3 8 | 23-10-1996
00000276 | 3 17 26 32 46 1 2 | 12-9-2007
00001603 | 1 4 6 7 22 6 8 | 14-2-2008
00000913 | 2 12 37 40 46 8 9 | 26-5-1978
00001432 | 10 23 38 40 41 6 10 | 7-1-1985
00000496 | 8 25 27 28 36 7 9 | 2-6-1994
00000693 | 20 21 22 33 46 3 5 | 8-10-1967
00001765 | 6 22 26 37 48 6 10 | 15-10-1970
00001668 | 2 10 14 18 21 2 11 | 9-2-1951
00000174 | 6 28 41 43 47 5 9 | 2-9-2003
00001925 | 3 12 25 26 34 4 9 | 24-7-1992
00001523 | 9 29 38 40 47 1 9 | 13-9-2015
00000162 | 13 28 37 44 48 4 11 | 8-11-1989
00000656 | 1 17 20 42 45 6 7 | 8-10-2021
00000918 | 13 23 28 40 45 2 5 | 14-1-1989
00000591 | 5 18 44 46 49 4 8 | 2-1-1980
00001473 | 12 16 17 35 39 5 8 | 24-2-1950
00000663 | 2 3 14 33 42 4 7 | 20-12-2006
00001150 | 22 36 46 47 49 5 7 | 15-12-1989
00001265 | 3 6 8 37 38 4 5 | 0-11-1983
00001436 | 1 2 9 12 46 2 11 | 21-4-1980
00001009 | 6 14 28 37 38 10 11 | 16-5-1987
00001931 | 4 6 12 20 43 1 7 | 11-2-1988
00001482 | 3 8 23 35 46 10 11 | 10-5-2012
00001055 | 1 14 22 36 41 2 6 | 27-1-1977
00001476 | 1 16 18 29 36 5 6 | 18-1-1956
00001447 | 1 3 10 27 47 3 11 | 0-3-1990
00000343 | 8 13 14 17 19 2 8 | 9-7-1998
00000527 | 4 9 15 16 37 4 8 | 4-8-2015
00001577 | 21 40 41 44 49 2 4 | 26-11-2006
00000093 | 2 5 14 36 38 2 11 | 16-4-2007
00000266 | 11 13 30 32 49 3 4 | 1-10-1986
00000224 | 15 21 22 45 49 1 3 | 20-12-2012
00001456 | 5 12 13 29 46 6 8 | 23-11-1956
00001541 | 8 19 28 49 50 2 6 | 26-10-1976
00000186 | 4 18 20 31 47 4 8 | 1-7-1962
00001014 | 14 17 29 41 45 4 6 | 12-9-1997
00001179 | 11 21 27 30 46 3 8 | 25-7-2003
00000067 | 1 10 38 45 46 5 10 | 4-4-2003
00000307 | 1 7 9 12 43 10 11 | 23-11-1985
00001092 | 6 9 19 24 46 1 7 | 27-2-2015
00000840 | 5 10 13 36 37 1 2 | 6-1-1973
00000034 | 5 9 13 19 22 3 6 | 13-2-2008
00001144 | 2 4 5 33 36 1 10 | 13-3-2015
00000747 | 1 11 18 30 41 5 7 | 21-12-2007
00000607 | 12 26 31 35 47 1 5 | 27-10-2011
00000887 | 4 19 24 28 42 4 8 | 11-4-2003
00001449 | 5 11 12 13 14 3 6 | 15-7-1994
00000689 | 28 29 42 45 49 1 4 | 0-3-1950
00001578 | 25 33 35 37 47 5 9 | 0-4-1974
00000751 | 8 11 36 46 49 10 11 | 21-8-1978
00001752 | 8 12 15 25 37 9 10 | 10-6-1999
00001457 | 4 15 17 20 26 5 9 | 18-4-1998
00001822 | 2 10 19 38 39 2 11 | 25-8-2016
00000288 | 3 17 37 44 47 6 9 | 26-12-2017
00000322 | 10 31 39 43 45 1 11 | 14-2-2003
00000365 | 2 15 33 47 49 6 8 | 9-9-1978
00000392 | 2 5 18 21 33 5 10 | 11-1-1977
00000092 | 1 30 39 40 41 1 11 | 15-12-2012
00001997 | 6 18 19 32 43 7 10 | 8-4-1976
00000184 | 3 6 12 24 38 8 9 | 6-6-1989
00000553 | 24 26 27 39 46 1 9 | 26-1-1961
00001545 | 2 11 17 20 36 7 9 | 20-2-1963
00000679 | 17 26 28 30 45 1 3 | 10-9-2007
00001672 | 1 21 24 34 43 5 11 | 14-1-1960
00000781 | 22 23 29 38 45 2 8 | 22-5-1952
00000062 | 12 31 33 40 42 1 6 | 18-9-2012
00001848 | 2 9 16 35 43 3 5 | 3-6-1996
00000399 | 3 6 15 28 44 2 10 | 2-8-1982
00001701 | 14 15 21 30 40 3 5 | 5-2-1996
00001768 | 18 41 43 47 49 1 5 | 13-6-2019
00000206 | 3 9 21 27 50 7 10 | 12-4-1960
00000936 | 3 14 18 35 36 5 10 | 21-3-2008
00001813 | 16 18 37 40 50 2 4 | 13-4-2003
00000390 | 19 28 29 35 50 7 9 | 24-10-1951
00001976 | 4 7 18 25 28 1 8 | 16-8-1984
00000244 | 22 25 35 42 49 8 9 | 8-3-2012
00001914 | 8 9 13 21 36 3 8 | 8-7-2019
00001540 | 9 12 16 32 44 3 9 | 9-4-2003
00001326 | 10 20 31 32 49 6 10 | 1-6-1972
00000190 | 8 10 29 30 43 3 4 | 11-7-2005
00001967 | 11 13 32 37 38 3 7 | 4-4-1984
00000457 | 2 3 19 23 27 5 6 | 23-12-2001
00000335 | 5 7 14 32 34 10 11 | 6-12-2021
00001045 | 4 21 25 39 48 7 11 | 14-7-1996
00000346 | 14 15 24 43 47 4 5 | 1-5-1981
00000489 | 13 21 28 41 46 4 11 | 19-8-1983
00001837 | 13 17 34 38 49 5 6 | 14-12-1968
00001467 | 3 18 22 33 39 6 8 | 18-3-1995
00001704 | 8 9 24 47 48 7 8 | 6-9-1997
00000319 | 20 27 28 29 45 3 7 | 25-5-1990
00001155 | 1 9 14 18 37 3 8 | 10-5-2004
00001567 | 3 8 11 21 40 5 6 | 26-7-1950
00000739 | 6 18 20 28 33 1 4 | 8-3-1973
00001065 | 10 13 17 40 41 5 9 | 11-1-1988
00001050 | 10 15 34 40 43 1 4 | 22-9-1984
00001217 | 3 17 24 31 49 1 5 | 11-3-1956
00001138 | 3 9 21 39 46 3 6 | 3-5-1952
00000967 | 8 20 24 27 28 1 4 | 27-3-1998
00000533 | 4 8 35 38 45 3 10 | 0-6-1966
00000775 | 2 18 22 26 48 4 6 | 22-12-2006
00000362 | 8 14 21 36 50 2 11 | 19-8-1995
00000604 | 18 27 33 35 41 6 9 | 12-3-2013
00001687 | 2 9 12 32 36 2 8 | 24-3-2013
00001950 | 6 11 21 24 45 3 5 | 23-10-1963
00001916 | 1 6 20 46 47 5 6 | 16-12-1950
00001813 | 5 7 12 28 47 6 8 | 8-7-1989
00001815 | 6 23 30 37 48 1 4 | 19-9-2009
00001435 | 18 30 39 47 50 6 8 | 0-3-1977
00001816 | 12 21 26 31 50 3 11 | 19-6-1971
00000072 | 6 12 16 26 27 2 8 | 25-6-1983
00000303 | 19 21 23 30 47 8 11 | 0-5-1978
00000330 | 2 37 41 44 49 5 9 | 10-8-2010
00001569 | 23 26 29 40 46 1 6 | 7-9-1966
00000585 | 1 11 22 30 49 7 10 | 27-4-2007
00000698 | 4 8 13 14 34 1 9 | 27-10-1992
00001145 | 1 17 25 37 49 2 6 | 9-10-2016
00001842 | 5 11 12 14 41 5 11 | 23-2-1952
00000433 | 12 27 31 34 40 6 9 | 19-5-2012
00000140 | 9 21 28 41 47 6 10 | 9-8-1959
00000644 | 6 19 29 35 38 7 9 | 3-5-1978
00001336 | 1 18 24 29 50 1 10 | 0-1-1994
00001731 | 5 18 20 25 27 3 7 | 24-12-1981
00001663 | 24 26 29 38 41 7 11 | 4-12-2010
00000737 | 12 29 33 35 50 4 7 | 13-12-2015
00000863 | 7 10 16 24 28 8 11 | 1-5-1983
00001779 | 10 17 27 39 46 6 11 | 5-1-1950
00000192 | 5 13 22 37 48 6 9 | 2-6-2013
00001072 | 3 20 36 45 49 6 7 | 9-8-2018
00000151 | 11 16 18 46 48 3 9 | 10-12-2007
00001414 | 27 37 40 43 50 7 11 | 6-11-2016
00001873 | 15 16 31 39 49 1 5 | 4-3-2010
00001309 | 1 4 17 26 31 2 6 | 10-12-1983
00000848 | 11 16 29 36 41 5 7 | 20-7-2000
00001229 | 14 24 26 30 48 4 9 | 14-1-1979
00001478 | 4 11 27 38 40 2 3 | 7-1-2010
00001405 | 3 20 21 41 44 7 10 | 6-2-1951
00000387 | 1 5 30 39 45 3 6 | 9-8-1981
00000947 | 4 6 11 15 25 6 8 | 6-10-1982
00001802 | 2 11 13 19 47 3 4 | 20-11-1993
00001787 | 5 8 13 20 35 6 7 | 9-9-1960
00000528 | 6 17 41 47 50 2 7 | 0-5-1956
00000163 | 7 8 20 26 42 7 11 | 15-11-1989
00001271 | 1 3 7 10 12 6 7 | 2-7-1989
00001727 | 13 27 39 41 45 4 8 | 11-9-1985
00000293 | 2 5 14 29 46 1 5 | 9-7-1969
00000263 | 6 19 22 40 50 1 5 | 20-1-1963
00001469 | 15 16 21 22 30 8 9 | 26-5-1980
00001945 | 12 19 22 26 40 2 5 | 18-3-2015
00001172 | 1 7 11 15 16 3 8 | 6-6-2006
00001893 | 18 32 38 39 48 1 11 | 27-12-1957
00000825 | 9 10 15 25 48 3 11 | 17-2-1973
00001816 | 18 22 28 30 36 2 4 | 5-11-2012
00001656 | 5 6 16 24 42 1 4 | 25-12-1964
00000446 | 5 15 28 30 36 1 4 | 1-12-1981
00000338 | 2 18 23 25 49 1 4 | 3-8-1987
00001739 | 10 21 29 30 48 1 5 | 25-11-1974
00001233 | 33 35 36 40 43 2 4 | 22-4-1970
00000292 | 7 25 40 44 50 2 7 | 19-12-1958
00000074 | 7 12 13 30 44 2 6 | 1-12-1983
00000853 | 7 19 27 42 50 1 3 | 21-4-2017
00001220 | 9 19 29 33 37 2 3 | 8-3-2002
00001789 | 13 14 18 28 46 4 11 | 0-9-1975
00000754 | 8 22 26 32 33 7 8 | 24-3-1950
00000010 | 3 6 13 16 25 1 10 | 20-12-1954
00001903 | 19 21 44 45 48 3 11 | 10-12-1952
00000225 | 2 10 29 36 40 10 11 | 24-5-2008
00001313 | 4 13 18 22 31 5 8 | 4-12-1997
00001079 | 8 12 17 28 39 5 10 | 16-5-1951
00000541 | 3 17 23 33 47 7 10 | 1-4-1996
00000532 | 15 23 29 31 45 4 11 | 17-5-2011
00000060 | 10 17 27 38 39 2 7 | 9-3-1983
00001993 | 4 10 12 33 49 1 10 | 10-5-1992
00000487 | 16 17 30 32 36 4 6 | 10-3-1980
00001970 | 2 19 22 33 47 5 11 | 13-6-1954
00001624 | 4 24 31 32 43 2 8 | 23-5-1968
00000911 | 14 16 28 30 32 1 2 | 19-12-1951
00001265 | 11 14 15 20 32 2 6 | 6-8-1957
00001221 | 6 19 29 33 48 1 3 | 22-6-1957
00000940 | 15 25 36 41 49 4 11 | 7-8-2021
00001114 | 2 11 25 28 34 2 10 | 2-3-1973
00001999 | 1 15 20 22 29 4 9 | 6-11-1961
00000654 | 6 11 28 43 48 5 11 | 18-7-1999
00000448 | 17 18 30 41 50 1 8 | 24-4-1992
00000072 | 5 9 23 34 35 8 10 | 4-7-1969
00001300 | 4 7 22 29 42 2 6 | 11-10-1966
00001102 | 3 17 18 25 32 3 4 | 16-7-2013
00001355 | 29 30 32 40 49 5 11 | 2-9-2013
00000000 | 5 19 22 23 31 4 5 | 6-6-1979
00000721 | 8 12 19 22 33 2 5 | 0-3-1981
00001822 | 12 14 28 38 45 9 11 | 13-6-1970
00000108 | 11 14 19 36 40 2 4 | 17-4-1959
00001115 | 2 22 35 45 48 2 6 | 13-11-1984
00000659 | 10 25 26 43 45 6 8 | 24-1-2018
00000660 | 2 28 33 41 43 1 11 | 20-1-1989
00000113 | 1 4 24 35 36 5 8 | 10-2-1966
00000258 | 4 12 25 46 50 2 6 | 24-4-1983
00001202 | 2 16 31 45 47 2 7 | 21-8-2012
00001430 | 13 25 28 34 40 5 7 | 25-10-1963
00000815 | 7 11 39 48 49 2 6 | 17-9-1968
00000468 | 4 14 15 22 47 1 5 | 23-2-2021
00001509 | 5 12 13 36 37 5 7 | 6-6-1988
00000287 | 7 8 15 29 36 8 11 | 9-7-1991
00001286 | 1 7 19 24 25 5 9 | 2-12-1950
00000569 | 6 12 19 34 49 5 10 | 9-4-1974
00000650 | 2 9 15 25 43 2 5 | 5-6-1987
00001685 | 36 39 42 45 48 4 11 | 25-8-1968
00001662 | 8 34 36 42 48 3 7 | 25-11-2001
00000859 | 8 10 12 23 34 4 7 | 1-3-1994
00001791 | 8 20 28 43 46 6 9 | 12-4-1966
00000649 | 3 5 34 35 36 6 9 | 6-4-1987
00000515 | 4 11 20 37 41 7 9 | 2-6-1971
00001538 | 7 27 45 46 50 1 4 | 6-11-1962
00001550 | 30 34 44 48 49 1 5 | 0-3-1992
00000513 | 20 24 34 37 48 4 9 | 5-8-2002
00000215 | 20 21 44 45 48 1 11 | 12-3-1999
00000129 | 15 20 36 40 45 4 5 | 24-1-2004
00001166 | 1 11 24 38 40 4 7 | 1-6-2015
00001255 | 2 21 23 31 37 1 2 | 20-10-1994
00000697 | 3 4 12 14 17 1 3 | 18-5-2016
00001685 | 16 20 32 33 47 10 11 | 20-6-2001
00000727 | 15 16 17 47 48 2 9 | 0-1-1972
00001863 | 17 21 27 29 42 2 10 | 24-2-1968
00001476 | 3 14 19 34 39 1 7 | 7-12-1970
00000665 | 2 4 7 11 32 4 7 | 26-3-1981
00001782 | 11 20 33 36 46 6 7 | 18-4-1992
00001106 | 8 15 27 34 46 2 8 | 24-3-1979
00000270 | 13 26 31 32 46 3 8 | 19-10-1978
00000395 | 19 21 30 43 50 1 11 | 7-1-1966
00000100 | 2 9 17 32 41 1 10 | 12-12-1965
00001477 | 14 23 37 40 44 2 4 | 19-4-1965
00001038 | 8 16 21 29 46 6 11 | 19-2-1963
00001758 | 10 14 42 46 47 4 11 | 2-5-2013
00000833 | 3 8 9 15 16 2 7 | 1-7-1974
00001067 | 6 7 23 28 50 1 8 | 26-5-1997
00001237 | 1 4 20 46 50 8 10 | 6-5-1975
00001474 | 2 17 28 31 41 3 11 | 26-11-2008
00000921 | 1 23 24 26 39 2 11 | 19-12-2014
00000584 | 5 19 26 31 49 2 11 | 19-12-1992
00000978 | 37 41 43 48 49 1 8 | 16-10-1991
00001878 | 16 28 29 38 42 1 7 | 25-2-1975
00001964 | 6 7 29 34 38 5 11 | 3-3-1979
00001393 | 13 26 27 30 49 5 11 | 11-3-2001
00001924 | 8 18 29 31 44 6 8 | 18-1-1958
00001806 | 8 25 35 37 42 3 8 | 10-12-2017
00001743 | 10 34 36 38 41 7 9 | 13-7-2004
00001446 | 19 35 38 43 48 4 8 | 23-9-1966
00001184 | 4 18 43 47 48 1 5 | 14-7-2007
00001958 | 3 14 21 31 47 4 10 | 26-5-2015
00001673 | 14 23 28 34 37 6 8 | 15-5-2018
00000357 | 3 5 6 20 25 3 8 | 27-9-1995
00000117 | 8 13 27 47 50 8 9 | 24-2-1955
00000316 | 9 13 20 24 45 2 8 | 4-9-2010
00001263 | 17 29 32 39 50 4 5 | 27-6-1954
00001565 | 24 28 35 39 41 1 5 | 19-8-1951
00000700 | 8 9 21 27 44 5 7 | 15-8-1978
00000008 | 15 16 20 22 38 2 4 | 11-11-2018
00001458 | 2 4 38 41 45 1 8 | 18-6-1984
00001188 | 8 12 13 14 47 6 8 | 25-8-1950
00001630 | 5 10 28 32 39 7 9 | 26-8-1969
00000600 | 7 9 12 41 45 8 9 | 6-1-1972
00001490 | 7 8 9 28 46 3 10 | 18-10-1981
00001635 | 15 21 26 35 47 4 7 | 2-7-1979
00000663 | 1 3 9 14 43 2 8 | 16-3-1966
00000455 | 15 21 29 35 46 4 5 | 15-2-2007
00000704 | 13 18 32 35 44 4 11 | 9-9-2003
00000961 | 7 26 43 44 50 1 11 | 6-2-1952
00001559 | 9 23 39 41 50 8 9 | 3-6-1983
00000113 | 9 10 23 32 38 6 11 | 8-10-1977
00001269 | 1 10 28 39 41 4 10 | 9-12-1970
00000977 | 15 22 25 40 45 8 9 | 1-9-1963
00000598 | 28 30 33 43 46 5 9 | 16-1-1996
00001682 | 13 17 23 32 33 4 6 | 4-7-1998
00001966 | 4 5 6 13 24 3 6 | 26-7-2014
00001103 | 1 5 6 49 50 2 6 | 20-1-2010
00000430 | 1 9 17 20 24 4 8 | 16-12-1975
00000728 | 7 25 32 49 50 3 9 | 16-7-2013
00000089 | 3 7 10 33 42 5 7 | 4-9-2008
00001615 | 21 23 27 33 49 6 9 | 19-2-1987
00001911 | 3 13 14 19 48 2 9 | 17-8-1987
00001672 | 14 15 25 26 27 9 11 | 7-3-1973
00000092 | 4 20 32 37 43 3 11 | 13-10-1969
00001249 | 3 13 21 32 36 4 11 | 27-11-1955
00001465 | 3 21 22 23 43 1 6 | 7-10-1994
00000681 | 16 29 30 39 40 1 5 | 22-1-2020
00001835 | 11 18 28 33 36 2 4 | 15-1-1967
00000653 | 5 9 15 31 50 2 4 | 4-3-1976
00000638 | 2 3 9 30 50 3 8 | 17-12-1989
00000466 | 1 4 6 17 32 4 5 | 13-11-1992
00001518 | 7 17 28 33 39 2 5 | 19-10-2020
00001149 | 10 25 32 45 49 1 3 | 14-12-1982
00001601 | 2 4 34 39 45 5 6 | 24-4-1993
00001557 | 3 5 28 29 38 7 11 | 25-8-2014
00001338 | 8 10 30 34 35 5 10 | 22-8-1985
00001798 | 5 18 21 42 46 2 3 | 15-6-1950
00000145 | 7 11 29 35 39 1 3 | 3-1-1981
00000706 | 7 11 42 47 48 3 10 | 26-7-2007
00000449 | 2 12 26 34 38 4 9 | 16-3-1970
00001290 | 1 14 24 27 31 5 11 | 17-6-1994
00000795 | 23 40 43 44 50 5 7 | 0-12-1983
00000293 | 4 16 19 28 32 1 10 | 26-1-1991
00000410 | 17 21 42 44 50 6 8 | 11-2-2010
00001098 | 2 17 19 36 45 4 6 | 16-12-1984
00001633 | 1 22 36 37 49 7 8 | 12-7-1994
00001110 | 1 8 26 41 42 8 9 | 25-11-2012
00001406 | 15 18 47 48 50 5 7 | 8-10-1990
00001007 | 14 15 18 20 42 6 11 | 9-5-1981
00001095 | 24 28 31 44 48 4 8 | 2-11-2021
00001139 | 1 11 36 49 50 8 10 | 0-8-1994
00001792 | 2 14 28 36 42 1 8 | 22-12-1961
00000861 | 1 5 9 26 41 8 9 | 1-1-1976
00001272 | 2 9 11 22 38 7 11 | 7-4-2017
00000193 | 7 11 21 41 48 1 3 | 27-10-1983
00001008 | 5 18 29 32 50 3 7 | 18-7-1954
00000687 | 7 15 31 35 36 2 3 | 17-10-1999
00000268 | 2 11 16 17 37 5 7 | 18-12-1968
00001596 | 1 5 6 24 45 3 8 | 26-4-1966
00001653 | 4 20 24 40 45 8 10 | 23-5-1961
00000292 | 31 41 45 49 50 4 7 | 3-6-1968
00001320 | 7 10 19 22 23 2 4 | 1-12-1962
00000543 | 7 11 16 27 34 3 11 | 8-5-1982
00001201 | 16 25 26 40 44 4 11 | 9-10-1996
00000018 | 1 14 27 30 35 5 10 | 2-3-1974
00001215 | 3 17 31 40 43 3 11 | 20-2-1964
00001585 | 25 27 37 39 49 2 7 | 27-7-2000
00001991 | 12 13 27 34 44 3 5 | 20-12-1961
00000693 | 3 6 26 45 49 1 4 | 5-1-1998
00001038 | 1 16 23 27 45 4 7 | 2-8-1966
00001108 | 16 19 21 27 33 1 9 | 6-5-1967
00001379 | 1 11 28 47 48 8 10 | 0-11-2013
00001888 | 16 18 20 23 50 4 8 | 5-4-1958
00000969 | 13 30 33 39 45 5 10 | 0-4-1966
00001470 | 6 14 15 20 50 4 9 | 9-9-1984
00000431 | 2 13 35 44 49 3 11 | 9-5-1952
00001007 | 2 5 19 29 50 4 7 | 26-4-1981
00001271 | 7 8 11 12 30 1 3 | 23-2-2011
00000800 | 30 35 38 40 47 4 7 | 25-7-1999
00001310 | 12 13 27 38 43 7 9 | 1-6-1983
00001015 | 13 22 26 40 50 4 9 | 3-4-1965
00000592 | 3 18 19 43 44 1 7 | 11-4-2009
00000763 | 12 13 16 30 50 4 9 | 22-9-1988
00001828 | 22 29 32 35 42 5 9 | 6-5-1975
00001834 | 4 12 27 42 44 2 8 | 4-6-1998
00000334 | 5 7 8 40 49 1 6 | 14-3-1967
00001321 | 7 16 28 32 36 8 10 | 16-8-2004
00001970 | 5 7 36 39 43 5 10 | 5-8-1955
00000255 | 5 9 17 30 33 6 9 | 1-5-1969
00001043 | 2 7 20 30 46 6 7 | 3-6-1970
00000138 | 18 25 33 44 46 4 5 | 26-3-1994
00000490 | 8 10 11 20 37 3 11 | 26-8-1989
00001600 | 7 16 23 27 41 3 11 | 22-8-1965
00000762 | 2 27 29 33 46 2 8 | 16-7-2006
00001034 | 16 22 28 42 47 5 8 | 3-1-2011
00001429 | 6 8 10 17 45 5 11 | 18-8-1974
00000152 | 5 8 10 16 35 8 9 | 26-11-1963
00001332 | 2 8 28 29 33 4 7 | 17-10-1967
00001225 | 15 22 32 37 49 3 8 | 17-9-2002
00001874 | 7 34 35 39 49 5 11 | 24-8-1971
00000403 | 1 13 16 21 44 5 8 | 20-1-2004
00000883 | 10 17 18 21 41 1 9 | 23-5-2003
00001366 | 4 9 13 27 39 1 8 | 17-8-1993
00000380 | 9 12 20 27 34 6 7 | 12-12-2020
00000325 | 2 13 36 42 49 1 10 | 25-3-1965
00001963 | 3 9 18 24 35 8 9 | 12-10-1972
00000970 | 5 16 26 31 40 9 11 | 8-10-1999
00000483 | 7 20 21 25 38 5 10 | 25-11-1978
00001698 | 1 13 27 33 40 8 9 | 7-2-1952
00001543 | 3 29 33 34 47 1 6 | 2-7-1984
00000856 | 18 19 23 43 49 2 8 | 19-8-1959
00000594 | 10 14 25 27 29 9 11 | 13-4-1980
00001850 | 12 14 26 27 48 7 9 | 26-1-1960
00001386 | 28 36 40 41 46 3 5 | 18-9-1989
00001497 | 2 25 34 40 45 4 7 | 12-4-1968
00001023 | 2 9 18 20 34 3 9 | 13-6-2003
00000718 | 3 11 16 43 50 1 3 | 11-10-1961
00000289 | 5 30 42 46 50 3 8 | 2-1-1961
00000154 | 11 16 32 33 41 3 5 | 5-3-1988
00001607 | 11 16 31 37 47 2 7 | 9-7-1967
00000896 | 4 10 28 38 50 4 10 | 7-10-2016
00001313 | 8 29 33 35 40 4 10 | 16-4-1976
00001963 | 5 11 15 36 43 7 10 | 26-9-1998
00000469 | 2 14 17 24 41 1 8 | 11-8-1989
00001950 | 1 6 14 25 46 2 5 | 23-11-2006
00001235 | 15 16 19 22 26 1 2 | 26-5-1981
00001140 | 9 18 21 38 42 3 4 | 15-12-1957
00001297 | 16 21 30 33 47 5 7 | 9-9-1977
00000606 | 11 24 27 44 49 4 11 | 20-5-1966
00000034 | 6 9 20 43 48 7 10 | 21-5-1968
00001240 | 3 6 25 27 50 6 9 | 11-4-1975
00001524 | 12 26 28 39 50 5 9 | 4-9-2015
00000462 | 3 4 23 30 33 2 7 | 19-6-1995
00000960 | 16 18 29 43 45 3 10 | 9-2-2004
00000311 | 1 16 42 45 50 2 7 | 14-6-1982
00001261 | 9 30 37 39 41 1 8 | 2-4-1950
00001752 | 3 19 20 39 45 3 8 | 10-10-1953
00001998 | 1 30 31 37 45 4 9 | 6-8-1980
00000428 | 2 17 41 43 50 2 11 | 25-4-2021
00001785 | 1 24 30 35 48 1 11 | 25-11-2015
00000404 | 5 14 25 40 47 2 4 | 19-7-2001
00001795 | 10 11 30 48 49 3 6 | 12-2-1972
00001716 | 4 8 14 34 44 1 5 | 12-11-1960
00000716 | 6 13 22 35 42 6 9 | 9-4-2002
00001782 | 2 14 34 44 46 3 11 | 13-7-2010
00000118 | 15 16 18 31 39 1 10 | 1-10-1973
00001101 | 1 5 6 28 45 2 4 | 20-10-1993
00000333 | 13 19 23 45 46 9 11 | 26-6-1954
00000020 | 1 8 17 19 20 5 6 | 0-9-2001
00000971 | 2 9 15 42 48 4 6 | 23-12-2004
00001416 | 2 25 30 43 47 7 10 | 4-4-2005
00001700 | 8 9 13 27 28 2 5 | 27-9-1984
00000948 | 9 19 27 31 41 2 3 | 0-12-1960
00001457 | 3 21 38 39 45 3 6 | 26-3-1975
00001080 | 7 24 35 37 45 8 10 | 16-11-1972
00001169 | 2 25 31 34 35 3 4 | 3-12-1981
00001015 | 4 21 39 40 45 7 10 | 0-8-1954
00000477 | 18 21 27 31 37 1 3 | 24-8-2021
00001697 | 5 15 22 26 30 3 6 | 6-4-2006
00000135 | 6 17 25 26 44 8 9 | 2-9-1960
00000659 | 15 16 25 30 32 2 9 | 14-10-1998
00001864 | 2 6 8 17 37 2 10 | 1-11-1991
00000334 | 15 23 27 33 35 1 9 | 4-10-2020
00000481 | 1 22 39 42 45 4 6 | 11-3-2020
00000674 | 6 36 45 46 50 9 10 | 0-2-1973
00001048 | 18 25 27 39 45 2 3 | 1-10-1966
00001841 | 28 42 45 46 50 9 10 | 9-1-2016
00000124 | 2 7 29 34 38 5 9 | 1-10-2008
00001287 | 14 31 37 42 45 4 6 | 7-11-1994
00001980 | 4 6 13 15 43 1 7 | 2-2-2018
00000264 | 6 26 29 44 46 4 9 | 10-3-2008
00000665 | 17 22 29 40 41 8 11 | 22-10-1995
00000001 | 23 29 34 35 40 1 7 | 21-12-1972
00000023 | 1 2 25 26 36 3 7 | 22-1-1989
00001699 | 1 3 18 19 27 3 4 | 26-8-1957
00001274 | 6 11 21 37 38 5 11 | 14-12-1956
00000324 | 10 16 22 24 34 6 10 | 10-2-1951
00000640 | 22 23 28 42 47 5 10 | 19-3-1952
00001176 | 7 20 30 32 48 2 5 | 7-2-2002
00001572 | 3 5 17 21 25 4 11 | 23-7-1974
00000584 | 17 22 35 41 44 1 7 | 4-1-1963
00001877 | 12 20 24 25 26 8 9 | 15-6-2009
00000448 | 7 13 17 30 35 3 8 | 0-7-1992
00000605 | 14 27 34 37 50 5 6 | 10-7-2004
00000756 | 7 8 34 41 47 1 8 | 13-6-2008
00000202 | 1 14 15 44 47 8 9 | 0-10-1973
00001618 | 3 5 6 28 31 5 6 | 2-12-1969
00001355 | 5 8 14 30 41 3 11 | 25-11-1952
00000072 | 3 11 12 22 30 3 7 | 13-1-1987
00001380 | 5 9 21 39 46 1 5 | 14-7-1984
00000403 | 9 27 34 42 50 2 11 | 9-10-1951
00001354 | 28 33 36 46 50 6 8 | 4-6-1982
00001842 | 6 12 24 29 42 4 6 | 12-10-1952
00001154 | 8 10 26 47 49 8 11 | 9-7-1959
00000287 | 7 8 16 26 30 9 11 | 23-10-1956
00001924 | 8 26 29 36 42 9 11 | 17-5-2005
00001497 | 8 15 32 38 48 6 11 | 23-12-1986
00001896 | 7 17 25 26 32 8 9 | 7-1-1983
00001726 | 7 9 33 35 39 4 6 | 25-10-2003
00000107 | 7 10 24 40 42 5 6 | 8-10-1984
00000843 | 5 13 14 25 31 9 11 | 2-4-2017
00000217 | 9 23 41 47 48 3 10 | 12-8-1996
00000114 | 5 8 11 27 33 4 6 | 23-1-1970
00001174 | 27 32 44 46 48 5 6 | 21-7-1975
00000196 | 7 19 31 36 47 2 5 | 0-4-1983
00001385 | 8 9 33 34 46 2 10 | 27-8-2010
00001472 | 1 20 25 26 34 8 10 | 9-4-1955
00001946 | 9 24 35 40 45 2 4 | 5-12-1977
00001306 | 10 13 17 26 40 3 7 | 20-12-2010
00001271 | 7 10 19 23 30 3 5 | 26-3-1995
00001939 | 6 39 41 44 50 5 7 | 18-6-2021
00001296 | 2 8 34 39 47 7 10 | 20-7-1990
00000237 | 2 3 6 10 33 7 8 | 12-6-1950
00000412 | 21 26 35 39 48 1 2 | 25-4-1986
00001137 | 23 31 36 41 43 7 8 | 18-7-1952
00001288 | 18 21 24 30 33 3 8 | 10-3-2003
00001401 | 4 19 20 24 25 1 11 | 17-5-2001
00000374 | 7 34 35 48 50 3 10 | 25-6-1970
00000690 | 12 16 25 29 30 1 7 | 15-11-1963
00001977 | 8 25 28 29 43 1 8 | 23-10-1993
00001534 | 2 4 9 18 38 1 2 | 3-1-1951
00000033 | 1 22 40 41 49 5 7 | 11-9-1958
00000258 | 10 22 25 33 34 6 9 | 22-8-2003
00000646 | 7 14 19 47 50 5 7 | 14-10-2021
00000527 | 2 6 24 27 34 5 10 | 24-10-1980
00000212 | 14 17 18 20 50 5 9 | 7-2-1954
00000640 | 11 16 26 39 45 1 5 | 19-6-1955
00000529 | 2 5 13 29 50 7 10 | 25-10-1972
00001410 | 23 31 33 39 48 2 4 | 2-10-2013
00001659 | 10 16 33 40 46 5 9 | 20-1-1997
00000116 | 11 18 19 23 40 3 6 | 8-10-1966
00000711 | 4 10 13 15 48 3 4 | 8-9-1969
00001273 | 1 15 16 18 31 8 10 | 6-6-1974
00001846 | 3 13 38 48 50 7 9 | 22-7-1975
00000984 | 4 10 16 29 47 6 7 | 0-7-2013
00000200 | 24 25 40 46 47 2 4 | 1-6-2020
00001175 | 10 17 20 29 43 2 4 | 6-3-1950
00000951 | 3 20 25 28 37 4 8 | 11-7-2018
00000347 | 14 20 34 41 44 1 8 | 9-7-2000
00001418 | 1 7 41 43 46 3 4 | 4-8-1964
00000280 | 4 9 34 37 45 1 3 | 5-7-2019
00001465 | 3 13 30 38 39 4 8 | 3-1-2010
00000660 | 3 14 17 31 38 6 11 | 2-5-1977
00001057 | 17 27 28 41 45 8 11 | 25-1-1980
00001934 | 10 12 21 23 48 2 4 | 18-2-1992
00000631 | 2 4 20 21 31 5 8 | 0-7-1991
00001354 | 13 18 24 38 47 2 11 | 21-8-1965
00000592 | 17 19 20 21 34 6 9 | 17-3-1988
00000963 | 2 15 34 36 47 1 7 | 16-4-2003
00000868 | 9 11 16 23 25 1 6 | 7-9-1972
00001097 | 1 10 13 18 37 4 9 | 16-1-1962
00001731 | 5 9 10 18 41 2 5 | 22-9-1965
00000694 | 10 35 41 46 47 4 10 | 22-1-1951
00000632 | 12 16 17 23 38 7 11 | 27-7-1985
00000039 | 2 4 25 31 39 5 11 | 15-5-1970
00000256 | 16 21 34 47 48 5 10 | 16-4-1955
00001585 | 18 28 35 41 42 2 3 | 20-1-1961
00000008 | 3 5 24 31 39 6 11 | 9-6-2012
00001192 | 6 11 17 39 43 6 8 | 6-9-1955
00000168 | 4 7 11 18 21 9 10 | 14-10-2002
00001432 | 7 11 18 34 45 9 11 | 0-3-1951
00001381 | 2 23 27 32 34 4 11 | 22-8-1970
00000405 | 11 12 27 41 45 7 8 | 18-10-1960
00001836 | 2 16 24 28 34 6 10 | 12-6-1974
00000789 | 8 9 10 30 36 1 7 | 3-3-1986
00001409 | 24 29 30 34 46 1 2 | 9-3-1960
00001831 | 11 29 31 40 44 6 7 | 13-12-1952
00000428 | 3 17 23 45 46 5 8 | 7-11-1962
00000493 | 4 13 30 31 45 2 9 | 15-2-2011
00000308 | 5 20 28 30 35 1 5 | 11-1-1964
00001894 | 28 31 34 37 48 5 11 | 11-7-1964
00001747 | 7 22 23 26 37 5 6 | 0-4-2003
00000957 | 12 25 27 29 36 5 9 | 15-7-1960
00001454 | 2 28 30 35 39 9 11 | 14-1-2010
00000998 | 2 20 23 31 32 9 11 | 14-1-1959
00000217 | 12 18 28 38 47 4 8 | 13-7-1963
00000540 | 14 15 17 26 41 2 3 | 25-1-1980
00001982 | 3 9 14 23 46 4 10 | 18-9-1997
00001664 | 1 17 20 21 28 8 9 | 27-12-1975
00000489 | 1 24 33 36 40 9 10 | 4-6-1975
00001363 | 1 7 8 25 42 4 5 | 15-3-1958
00000536 | 19 22 27 36 43 4 7 | 23-6-2009
00001928 | 8 22 27 45 49 5 9 | 9-8-1967
00000381 | 23 28 29 40 43 1 7 | 25-8-1976
00000879 | 4 25 28 36 50 1 2 | 20-2-1995
00000570 | 1 15 20 21 27 5 6 | 26-10-1999
00001894 | 13 20 22 34 36 6 9 | 13-12-1971
00000005 | 9 10 19 20 33 6 11 | 19-8-1950
00001076 | 7 9 24 40 50 2 10 | 23-4-1976
00001853 | 9 25 29 40 42 7 11 | 22-3-1994
00000508 | 4 17 45 47 49 2 6 | 24-7-1981
00001794 | 19 30 39 43 50 2 10 | 27-7-1958
00001870 | 7 9 11 22 47 1 3 | 12-3-2014
00001611 | 3 11 33 42 48 9 11 | 16-9-2018
00001653 | 5 24 33 38 46 1 6 | 10-7-1977
00001390 | 3 4 9 39 46 9 10 | 21-4-2012
00000765 | 4 10 15 23 40 7 8 | 26-4-2014
00001784 | 1 4 13 30 36 5 7 | 3-8-2008
00000196 | 7 29 31 45 50 2 4 | 24-10-1958
00000646 | 5 14 16 38 47 3 6 | 20-3-1998
00001382 | 3 11 23 42 46 2 10 | 17-3-2006
00001753 | 1 34 39 41 50 4 5 | 10-3-1966
00001878 | 1 16 24 33 40 4 10 | 24-12-1960
00000300 | 1 6 12 20 23 1 9 | 4-3-2019
00001161 | 2 5 20 31 36 4 7 | 14-8-2019
00000311 | 3 5 26 40 44 6 8 | 1-2-1974
00001628 | 15 20 22 38 47 2 7 | 24-1-2002
00001468 | 5 8 27 30 39 4 9 | 9-10-1978
00000982 | 5 28 30 31 33 4 9 | 15-6-1961
00000049 | 6 9 13 23 28 4 10 | 25-9-1979
00000011 | 3 21 28 37 41 1 10 | 12-12-2003
00000646 | 2 16 31 33 36 2 9 | 8-7-2012
00000395 | 19 24 30 31 44 2 11 | 12-9-1979
00001673 | 7 8 14 15 32 10 11 | 18-6-2010
00000241 | 6 11 15 27 33 1 6 | 0-1-1986
00000710 | 4 16 33 42 48 6 10 | 11-3-1953
00000277 | 5 12 13 24 32 4 11 | 21-10-1974
00000569 | 4 10 24 29 38 4 9 | 21-7-1962
00000426 | 4 8 11 12 14 1 11 | 0-8-1957
00000721 | 3 9 12 30 37 6 8 | 12-7-1984
00000165 | 13 26 42 43 46 7 10 | 3-12-2019
00001012 | 7 17 26 34 45 3 4 | 6-3-1983
00000442 | 9 12 30 42 47 9 10 | 6-11-1961
00000384 | 19 23 45 46 48 4 5 | 3-7-1998
00000426 | 3 4 6 14 25 7 9 | 6-5-2010
00001919 | 22 33 36 38 47 1 7 | 26-8-1992
00001187 | 9 20 25 34 47 4 5 | 24-5-1998
00001019 | 1 5 20 39 46 2 9 | 6-2-1960
00001779 | 5 11 32 37 42 2 3 | 11-4-2005
00000186 | 12 13 22 34 42 2 3 | 21-1-2008
00000583 | 6 14 26 40 42 3 9 | 22-7-2004
00000465 | 4 27 42 44 47 5 10 | 27-1-2002
00000166 | 14 20 37 41 43 1 7 | 24-11-1955
00001771 | 7 14 19 42 50 3 6 | 12-11-1956
00001905 | 5 6 26 30 44 6 11 | 12-3-1999
00001918 | 10 14 29 44 48 5 8 | 15-10-1998
00001748 | 7 15 17 25 44 4 9 | 4-8-1980
00001457 | 16 21 23 45 50 1 9 | 5-9-2013
00000209 | 8 22 23 31 43 9 11 | 20-4-1997
00000962 | 11 21 30 44 47 5 9 | 23-9-2002
00000888 | 13 15 25 27 44 4 11 | 0-5-2017
00001129 | 3 4 19 42 49 2 9 | 9-11-2007
00000390 | 3 21 25 30 34 5 7 | 4-5-1970
00000724 | 20 27 37 43 44 2 3 | 15-7-2000
00001604 | 4 21 22 25 44 5 11 | 1-9-1959
00001801 | 1 13 26 31 36 1 2 | 15-11-1999
00001092 | 7 19 27 36 43 6 9 | 2-3-2016
00000261 | 30 31 32 36 40 2 7 | 17-2-1989
00000511 | 15 30 37 38 50 2 11 | 13-1-2015
00000999 | 12 15 29 35 41 1 3 | 10-3-1989
00001017 | 15 18 26 41 45 6 9 | 22-2-1983
00000568 | 34 40 43 49 50 3 4 | 10-6-1975
00001471 | 12 13 39 40 48 5 6 | 20-8-1955
00000797 | 11 20 21 41 49 7 10 | 10-4-1995
00001417 | 14 21 34 36 46 9 11 | 15-1-2003
00000267 | 6 14 21 46 47 8 11 | 16-2-1990
00000453 | 5 35 37 38 39 8 10 | 18-12-2015
00001101 | 2 19 30 38 40 6 9 | 8-10-2000
00000897 | 3 5 34 35 47 3 7 | 24-6-1990
00001447 | 8 12 19 25 42 1 11 | 5-5-1997
00000421 | 2 5 8 9 39 6 11 | 11-8-1976
00000351 | 4 17 19 25 48 6 8 | 15-8-1975
00001275 | 1 18 19 27 47 4 7 | 13-6-1968
00001030 | 7 15 24 26 42 3 5 | 15-1-2009
00001633 | 7 13 36 42 48 8 9 | 2-8-1956
00000657 | 14 18 27 40 43 6 7 | 21-5-2018
00000395 | 2 12 17 24 33 1 2 | 11-6-1992
00001943 | 1 3 8 27 37 9 11 | 12-12-1965
00001213 | 8 22 24 38 42 1 8 | 14-9-1980
00001463 | 9 21 43 44 46 5 6 | 26-2-2010
00000064 | 26 41 43 45 50 2 3 | 27-4-1975
00000970 | 1 21 29 31 48 1 11 | 12-2-1954
00000419 | 10 13 28 34 42 3 5 | 14-1-1962
00000828 | 14 18 19 20 41 7 9 | 23-9-2010
00001109 | 4 14 33 48 50 1 9 | 3-5-2019
00001753 | 5 13 14 21 31 1 8 | 20-11-2015
00000812 | 4 5 12 35 41 6 8 | 4-8-2003
00001185 | 12 18 29 31 50 3 5 | 8-3-1975
00001305 | 20 40 41 47 50 1 6 | 10-4-2007
00001626 | 2 5 8 19 44 1 3 | 14-11-1998
00000996 | 1 7 20 37 38 3 9 | 16-2-1973
00001532 | 19 26 32 45 47 5 8 | 12-2-1992
00001988 | 7 28 32 46 49 1 3 | 27-7-1981
00001282 | 20 25 29 32 38 2 10 | 15-1-1984
00001227 | 8 11 15 27 36 3 11 | 8-4-1952
00000642 | 3 8 17 20 30 1 3 | 0-8-2000
00000360 | 11 20 37 38 46 1 10 | 27-2-1982
00001980 | 2 10 11 18 21 4 11 | 0-3-1987
00000711 | 27 28 34 43 49 4 7 | 9-5-1962
00001183 | 4 11 23 42 47 4 9 | 24-3-2021
00000622 | 16 24 32 43 50 4 6 | 21-6-1956
00000094 | 7 10 29 37 44 2 7 | 23-9-1987
00000957 | 3 11 27 32 43 2 9 | 20-10-1997
00000567 | 8 11 15 16 25 1 11 | 3-9-2009
00001529 | 1 5 25 28 42 2 7 | 15-11-1998
00001940 | 5 11 15 43 49 2 10 | 18-11-1965
00001182 | 1 11 13 28 29 2 3 | 25-2-1977
00000473 | 3 9 25 34 36 2 6 | 9-9-1998
00000588 | 7 26 30 31 37 6 7 | 26-11-2010
00001476 | 2 6 10 22 38 6 8 | 13-8-1950
00000851 | 7 19 36 37 48 3 10 | 17-1-1998
00000633 | 5 19 25 37 42 3 5 | 2-9-1988
00001374 | 8 15 27 37 40 1 10 | 16-10-1955
00000467 | 6 10 19 27 34 2 4 | 13-4-1989
00001382 | 12 13 17 25 41 5 10 | 5-5-1975
00000706 | 4 11 12 17 20 3 7 | 10-7-2007
00001155 | 10 11 28 32 44 5 7 | 22-11-2012
00001897 | 3 4 34 40 44 2 6 | 7-8-1970
00000383 | 8 10 11 13 24 1 10 | 10-9-1982
00001085 | 13 29 30 46 49 8 11 | 6-4-1988
00000741 | 5 10 34 47 49 5 10 | 9-5-1998
00000496 | 6 22 23 32 42 5 9 | 19-1-1971
00000704 | 27 35 39 45 47 5 9 | 18-1-1991
00000670 | 19 22 28 37 41 3 4 | 5-3-2001
00001588 | 5 9 10 45 46 2 6 | 27-7-1975
00001810 | 12 33 36 40 46 2 10 | 15-12-1962
00000946 | 4 27 34 38 40 3 11 | 20-6-1954
00000135 | 2 10 14 29 33 3 8 | 21-7-1990
00000000 | 17 28 29 47 50 3 11 | 1-8-2008
00000561 | 1 2 13 42 46 1 2 | 16-9-1991
00000226 | 12 27 41 44 48 1 5 | 22-10-1973
00001278 | 2 7 28 34 39 2 3 | 21-1-1971
00000217 | 34 35 37 38 40 4 7 | 8-8-1950
00000441 | 32 37 40 42 49 1 7 | 16-10-2011
00001505 | 5 14 30 31 45 4 8 | 9-7-2017
00000557 | 5 15 26 27 38 2 9 | 13-4-2018
00000945 | 10 19 28 36 48 6 10 | 5-12-1950
00001070 | 24 28 35 36 41 1 6 | 6-9-1993
00000012 | 4 7 21 26 47 4 8 | 26-8-2012
00000831 | 6 17 23 26 32 7 11 | 8-4-2009
00000829 | 13 27 30 35 50 4 8 | 16-1-2001
00000271 | 10 16 26 29 43 2 4 | 10-3-2001
00001772 | 2 7 14 33 36 3 8 | 12-2-2009
00000113 | 12 18 27 39 46 8 9 | 4-3-1954
00000104 | 11 17 23 26 48 4 8 | 13-6-2000
00000959 | 16 21 35 38 39 6 8 | 8-8-1996
00001345 | 10 30 40 44 50 6 7 | 16-11-2020
00000982 | 28 36 41 43 45 4 8 | 23-8-2020
00000321 | 3 26 36 44 47 4 11 | 2-6-1973
00001848 | 4 13 20 31 32 1 4 | 18-12-2008
00001359 | 9 14 27 39 45 8 11 | 13-7-1995
00001466 | 8 15 20 23 31 1 10 | 3-8-1978
00001461 | 10 18 19 23 37 6 8 | 7-6-2016
00001740 | 2 7 17 42 50 6 8 | 5-1-2007
00001513 | 25 26 28 40 49 1 8 | 24-10-1995
00001052 | 24 31 32 36 42 6 7 | 6-6-2002
00001501 | 9 25 33 39 47 1 3 | 4-7-2009
00001730 | 25 36 41 44 48 9 11 | 25-1-1988
00000460 | 9 23 25 34 39 7 11 | 15-7-1967
00000300 | 5 6 9 15 42 5 9 | 12-5-2015
00000297 | 3 13 14 22 31 1 2 | 17-3-1986
00001344 | 15 22 27 47 48 5 7 | 9-12-2021
00001886 | 6 10 12 24 39 4 10 | 2-2-1979
00001029 | 5 9 21 27 44 6 9 | 5-9-1959
00001178 | 11 17 19 28 37 7 11 | 8-6-2001
00001837 | 10 24 28 32 43 6 11 | 25-10-1980
00000994 | 20 34 35 38 41 2 11 | 4-6-1972
00001039 | 5 6 8 24 49 2 4 | 11-4-2003
00000824 | 9 10 28 30 41 7 10 | 18-5-2013
00001597 | 12 15 17 22 50 4 10 | 23-3-1989
00001503 | 20 24 31 35 46 5 11 | 2-3-2017
00000662 | 5 6 27 44 50 5 8 | 4-11-2014
00000879 | 4 10 14 30 34 6 7 | 18-1-1967
00001203 | 4 15 17 33 34 6 11 | 13-11-1992
00001769 | 15 23 38 41 42 8 10 | 13-1-2006
00001533 | 5 10 14 24 30 9 11 | 18-1-2004
00000535 | 18 21 22 27 41 1 9 | 26-6-1998
00000670 | 17 22 26 27 29 1 6 | 8-11-1952
00000182 | 3 4 22 40 50 2 9 | 12-8-1963
00001338 | 13 27 30 43 50 3 7 | 18-1-1985
00001122 | 2 13 38 41 42 5 8 | 3-7-2013
00001199 | 8 26 34 38 48 3 4 | 8-2-2009
00001985 | 3 7 35 39 45 6 8 | 13-4-2004
00001776 | 8 22 40 42 46 1 2 | 27-8-1986
00000193 | 8 15 31 37 41 8 9 | 9-5-1973
00001772 | 4 17 18 24 30 1 5 | 26-4-1955
00000816 | 17 21 42 44 50 1 11 | 12-3-1957
00001820 | 22 25 35 44 46 8 9 | 27-2-2011
00001465 | 13 17 26 27 49 5 7 | 20-8-1981
00001488 | 17 25 33 45 50 5 7 | 26-11-1984
00000653 | 5 13 18 33 44 1 6 | 15-12-1995
00000734 | 14 38 39 40 41 3 7 | 22-2-2007
00001235 | 3 13 18 23 37 1 6 | 18-4-1980
00001006 | 4 5 23 31 49 1 7 | 21-2-2011
00001900 | 29 30 34 38 42 1 4 | 8-4-1982
00001583 | 6 19 41 45 46 2 3 | 7-9-1978
00000103 | 4 28 40 41 44 3 5 | 11-7-1972
00000140 | 3 33 39 42 44 7 10 | 8-2-2009
00000544 | 12 18 21 25 32 8 11 | 19-8-2020
00001346 | 10 12 13 15 29 1 5 | 16-1-1967
00000247 | 1 3 10 33 37 7 8 | 21-3-1955
00001521 | 4 15 27 36 38 1 3 | 6-9-1963
00000603 | 4 10 23 40 41 3 9 | 22-12-1952
00000361 | 8 12 14 23 48 3 7 | 11-10-1981
00001072 | 8 12 20 22 48 3 9 | 17-5-1980
00001793 | 16 19 23 29 49 2 10 | 25-3-2009
00000438 | 10 18 31 34 44 6 10 | 11-10-1993
00000766 | 10 25 33 47 48 1 7 | 5-9-1973
00000785 | 3 23 30 33 41 4 5 | 1-11-1974
00000992 | 4 14 32 37 44 3 6 | 20-11-1984
00001964 | 4 20 22 23 25 4 11 | 13-5-1975
00000545 | 7 17 30 32 34 2 4 | 1-10-1999
00001339 | 11 12 20 36 38 5 7 | 24-12-1957
00001506 | 20 26 33 47 50 5 7 | 13-1-2006
00000520 | 16 27 33 36 43 4 7 | 5-2-1995
00000459 | 9 11 15 22 47 1 5 | 6-5-1978
00001239 | 12 30 40 49 50 7 9 | 25-1-2015
00001375 | 4 13 24 37 49 3 6 | 11-8-1997
00001752 | 1 13 30 39 50 4 7 | 20-10-1993
00000672 | 4 12 13 17 30 2 6 | 6-11-2016
00000984 | 15 20 27 36 38 7 11 | 3-7-1988
00001273 | 13 22 36 42 43 1 9 | 14-5-1968
00000129 | 2 9 10 11 27 7 10 | 12-7-1971
00000926 | 7 10 21 32 35 2 8 | 0-2-1953
00001909 | 16 23 29 38 42 8 11 | 6-3-1995
00001976 | 7 10 12 16 30 4 9 | 7-2-1977
00000890 | 8 17 27 32 37 1 9 | 23-2-1988
00000698 | 9 10 13 32 36 3 4 | 7-5-1994
00000593 | 6 17 19 39 40 2 11 | 2-6-1983
00000488 | 1 4 37 40 49 5 10 | 8-2-2001
00000413 | 5 9 11 22 26 1 5 | 26-11-1961
00000265 | 4 6 15 29 35 2 3 | 6-8-1953
00001421 | 2 14 35 48 49 3 11 | 14-10-1953
00001144 | 1 7 19 24 50 2 8 | 20-8-2012
00000903 | 5 13 20 32 50 2 11 | 5-2-2017
00000254 | 15 21 23 35 42 1 6 | 10-9-1978
00000344 | 11 25 33 34 50 5 6 | 2-10-1957
00001720 | 9 18 28 29 36 5 9 | 17-10-1998
00001779 | 23 29 41 44 49 3 10 | 6-2-2009
00001800 | 5 7 32 43 48 3 10 | 20-10-1957
00000551 | 16 18 26 32 40 4 5 | 27-10-2000
00000401 | 3 6 7 35 40 1 3 | 27-1-1976
00000607 | 1 19 20 39 46 4 6 | 12-10-1959
00001380 | 1 4 25 26 34 1 6 | 23-7-1956
00001467 | 22 35 38 47 49 4 8 | 25-3-1980
00000642 | 1 4 5 35 39 4 6 | 6-3-1965
00000973 | 1 18 23 34 42 9 10 | 25-12-1950
00000623 | 2 18 34 44 47 4 10 | 14-1-2003
00000094 | 12 15 31 32 49 1 6 | 12-7-2009
00001583 | 5 9 13 45 46 3 8 | 0-11-1951
00000331 | 13 21 27 38 41 5 10 | 16-4-1986
00000814 | 2 7 20 32 36 3 6 | 7-1-2011
00000310 | 10 18 19 23 30 1 11 | 6-6-2017
00001178 | 21 25 34 41 49 5 6 | 11-11-1980
00000541 | 13 17 24 28 36 7 10 | 2-8-1982
00000544 | 16 22 31 36 48 1 9 | 6-4-1950
00001435 | 10 24 26 28 32 6 10 | 8-4-1967
00000857 | 20 21 23 27 44 6 8 | 16-3-1999
00001940 | 7 9 18 38 50 1 2 | 20-11-2013
00001666 | 2 4 7 13 47 1 11 | 23-6-1954
00001263 | 3 16 37 46 48 3 11 | 23-10-1994
00000903 | 1 8 28 30 44 2 11 | 7-7-1967
00000176 | 4 19 23 44 47 3 8 | 18-3-1995
00000026 | 14 23 31 37 38 2 3 | 4-11-1984
00001027 | 20 22 45 47 49 9 11 | 24-9-1950
00000067 | 2 9 27 35 47 7 11 | 27-7-2015
00001290 | 5 7 22 25 31 2 5 | 5-12-1953
00001943 | 5 38 40 46 50 1 11 | 20-1-1988
00001961 | 1 20 26 37 46 1 8 | 20-3-1963
00001328 | 5 7 22 27 30 7 8 | 22-6-1962
00000954 | 5 9 28 43 45 8 10 | 27-7-1980
00000895 | 5 10 19 33 35 5 6 | 10-10-2004
00001102 | 16 18 28 33 35 5 7 | 26-2-1963
00001782 | 2 5 18 29 42 2 11 | 26-3-1985
00001182 | 1 3 26 29 36 1 2 | 0-5-2019
00001044 | 1 5 10 49 50 6 8 | 18-7-1955
00000335 | 9 15 32 37 39 7 11 | 19-4-1951
00001291 | 4 22 23 35 48 9 11 | 9-11-1975
00000191 | 6 11 21 25 35 2 7 | 16-2-1955
00001180 | 1 2 28 40 41 3 7 | 9-10-1973
00001503 | 4 8 27 43 45 2 11 | 17-5-1965
00001819 | 5 6 11 14 28 6 7 | 3-6-1990
00001245 | 3 9 22 36 46 6 9 | 20-10-1957
00000409 | 23 25 29 36 38 1 11 | 19-1-1960
00001926 | 6 27 35 36 38 6 10 | 4-3-1981
00001160 | 3 12 35 42 49 2 3 | 8-2-2012
00000347 | 8 22 25 34 47 6 9 | 26-7-1999
00001508 | 9 32 36 42 45 1 2 | 12-11-2008
00001848 | 7 13 15 30 48 1 7 | 22-9-1995
00000107 | 3 11 18 24 38 8 9 | 5-11-1992
00000235 | 14 19 20 27 39 4 10 | 22-3-2015
00000858 | 1 7 19 23 34 3 11 | 19-6-1959
00001898 | 8 9 21 32 42 1 11 | 5-6-1972
00001050 | 11 19 32 36 47 7 11 | 25-10-1959
00000815 | 15 24 26 38 47 3 9 | 14-11-2014
00001684 | 16 20 30 48 50 2 4 | 13-9-1990
00001136 | 2 29 32 38 50 9 11 | 13-5-2020
00001213 | 7 19 26 31 49 1 11 | 21-4-1959
00001185 | 7 13 24 28 43 5 9 | 24-11-2020
00000980 | 4 5 19 37 46 8 10 | 17-3-1983
00001698 | 6 35 37 38 44 4 10 | 5-2-1952
00001668 | 17 28 34 35 43 3 7 | 2-10-1995
00001426 | 15 37 40 41 46 1 4 | 12-2-1950
00001798 | 19 20 24 34 41 1 11 | 3-4-2004
00001864 | 10 23 47 48 50 4 9 | 0-7-1978
00001200 | 10 12 38 39 45 8 10 | 5-8-1998
00001204 | 27 39 45 48 50 1 3 | 8-5-2014
00001378 | 9 18 25 41 43 6 7 | 18-1-1978
00000405 | 7 15 26 32 37 8 9 | 22-2-1965
00001949 | 20 28 37 45 48 9 11 | 1-9-2011
00001161 | 2 18 30 34 38 7 8 | 24-2-1993
00001740 | 11 17 33 37 46 4 10 | 19-1-1989
00001622 | 7 14 30 37 47 8 11 | 19-6-1966
00000233 | 6 15 16 33 49 8 11 | 14-6-1972
00001315 | 8 23 28 30 43 1 6 | 10-12-1972
00001887 | 1 8 23 43 50 6 8 | 12-4-1971
00000659 | 10 13 22 33 42 2 8 | 2-3-1983
00000901 | 2 6 39 40 48 9 10 | 12-10-1990
00001141 | 5 18 24 26 39 6 9 | 8-10-2009
00001195 | 4 23 31 37 38 9 10 | 16-1-1966
00000242 | 1 12 23 25 42 5 6 | 0-8-1950
00000704 | 5 6 18 43 46 7 10 | 26-2-1973
00000553 | 14 17 23 39 40 5 7 | 7-9-1995
00001185 | 12 15 41 42 46 1 7 | 16-8-1984
00001490 | 2 16 25 29 45 5 11 | 26-5-1975
00000943 | 1 20 27 49 50 5 7 | 12-1-1981
00000075 | 8 9 13 30 37 1 7 | 22-8-1984
00000526 | 5 14 17 25 49 1 3 | 24-12-2014
00001451 | 1 8 9 11 32 1 8 | 21-4-1967
00001880 | 7 19 25 33 38 8 9 | 25-5-1952
00000877 | 17 20 21 24 30 7 9 | 9-3-2018
00000981 | 10 13 17 24 42 6 10 | 10-8-2019
00001258 | 3 14 17 18 33 6 11 | 11-6-1998
00000060 | 8 13 16 25 35 6 7 | 25-5-1991
00001781 | 9 10 13 24 46 4 6 | 24-4-1998
00001882 | 4 9 14 25 32 2 3 | 20-1-1989
00001853 | 7 12 15 31 45 5 10 | 9-2-2002
00001260 | 29 36 42 46 49 1 10 | 26-6-1988
00000911 | 6 12 23 28 45 3 5 | 12-4-2011
00001112 | 15 27 35 47 49 1 2 | 3-4-1953
00000185 | 12 20 23 32 49 5 7 | 2-3-1983
00001424 | 6 16 25 26 29 4 8 | 25-10-2011
00001107 | 4 7 34 40 47 3 11 | 20-3-1953
00001322 | 7 15 18 28 40 6 11 | 24-6-1959
00000532 | 1 10 25 28 36 3 4 | 18-8-1972
00000477 | 3 10 19 22 31 4 10 | 5-2-1970
00001725 | 6 7 24 26 34 3 10 | 13-11-1987
00000997 | 5 13 19 31 49 1 4 | 6-11-1960
00000184 | 5 13 24 26 49 4 7 | 5-4-1954
00000256 | 8 19 26 46 47 7 10 | 3-10-2006
00000034 | 2 9 28 39 42 2 7 | 9-12-1956
00001846 | 7 9 11 34 38 3 5 | 15-4-2002
00000113 | 29 31 35 39 42 6 7 | 8-10-1986
00001604 | 2 21 24 27 47 10 11 | 27-10-1972
00001285 | 5 23 29 34 49 3 4 | 9-8-2012
00000448 | 11 17 19 42 47 2 8 | 19-2-1988
00000108 | 6 8 15 29 48 2 4 | 19-12-2010
00000863 | 14 16 17 22 36 3 9 | 9-9-2007
00000044 | 15 16 18 34 41 3 4 | 26-6-1981
00000597 | 4 8 17 23 31 4 11 | 4-6-1958
00001859 | 1 2 33 40 48 4 8 | 13-7-1982
00000881 | 13 23 25 30 45 2 5 | 6-12-2009
00000159 | 1 4 7 12 40 3 10 | 1-6-2016
00000441 | 4 19 35 43 44 5 8 | 9-2-1971
00001815 | 8 17 39 40 44 1 7 | 11-10-1996
00000609 | 12 36 43 44 49 3 5 | 24-7-2003
00000153 | 5 7 27 40 45 3 7 | 10-9-2007
00001004 | 1 27 30 32 40 5 10 | 13-3-1961
00000059 | 14 32 33 37 46 8 10 | 4-5-2000
00001035 | 3 4 30 39 45 9 11 | 22-9-1954
00001906 | 13 25 28 38 46 4 11 | 7-11-2009
00001372 | 3 7 19 26 29 1 2 | 10-7-1989
00001455 | 6 11 24 33 42 3 8 | 12-4-1978
00001289 | 1 11 26 27 28 7 8 | 15-11-1962
00000366 | 16 37 40 41 47 2 7 | 22-8-2014
00000850 | 12 13 33 46 47 9 11 | 10-2-2006
00001176 | 9 11 29 34 36 9 10 | 16-10-2000
00001798 | 11 14 15 22 36 6 9 | 17-5-1960
00001713 | 4 25 37 45 46 8 10 | 8-4-1976
00000888 | 3 10 17 22 49 3 11 | 19-1-2008
00001148 | 5 15 24 32 34 8 10 | 17-8-1958
00000938 | 14 17 24 34 48 2 9 | 8-12-1955
00001274 | 3 8 15 29 36 3 11 | 4-11-1999
00001113 | 2 15 27 42 48 3 11 | 27-8-1992
00000457 | 4 20 24 41 42 3 10 | 21-10-1953
00001964 | 3 4 20 28 43 3 4 | 0-11-1950
00001994 | 17 27 28 35 44 1 6 | 0-4-1991
00000755 | 2 13 14 15 29 2 4 | 9-10-2001
00000434 | 5 33 36 41 48 7 10 | 13-6-2013
00001744 | 5 11 41 46 47 4 11 | 15-9-1996
00001777 | 19 22 27 30 32 5 10 | 1-4-1987
00001960 | 4 13 20 35 36 9 10 | 7-12-1997
00001264 | 13 14 22 33 49 5 11 | 14-3-1951
00001130 | 13 18 32 34 48 1 10 | 17-11-2005
00001408 | 22 28 31 41 47 1 11 | 25-8-1960
00000688 | 1 17 33 36 38 2 4 | 23-7-1976
00000146 | 24 33 34 42 43 1 3 | 19-10-2019
00001247 | 2 28 32 40 46 2 3 | 21-4-1963
00001903 | 8 21 27 44 49 7 11 | 10-1-1974
00000781 | 5 6 19 38 44 1 8 | 17-8-1959
00000374 | 16 22 28 39 42 2 8 | 21-9-1970
00000503 | 9 27 29 42 45 6 11 | 10-4-1992
00001721 | 6 9 21 22 35 6 11 | 7-1-1970
00000000 | 1 4 5 9 39 3 6 | 7-2-1957
00001235 | 12 29 35 47 48 1 4 | 6-10-2007
00000656 | 6 25 26 27 37 1 6 | 7-2-2007
00001600 | 23 25 38 40 48 5 10 | 16-12-1994
00000470 | 17 21 23 38 44 3 4 | 10-5-2014
00000132 | 2 15 19 36 39 5 6 | 10-4-1984
00000405 | 1 2 11 24 45 7 11 | 14-1-2005
00000733 | 3 9 13 24 26 2 11 | 17-8-1991
00000287 | 1 2 7 24 37 2 6 | 4-5-1994
00001017 | 11 23 25 45 48 1 5 | 5-6-1952
00001439 | 9 13 15 18 23 4 11 | 15-3-2017
00000955 | 12 16 18 21 43 10 11 | 26-9-1979
00000043 | 5 9 21 29 37 5 9 | 5-8-1965
00001653 | 2 11 20 21 24 5 7 | 11-3-1965
00001495 | 4 13 22 28 47 7 11 | 8-4-1962
00001388 | 6 21 24 30 50 8 9 | 1-9-2010
00001068 | 20 23 31 37 39 2 9 | 1-8-1952
00000222 | 9 11 18 23 40 1 11 | 2-7-2002
00001366 | 6 35 36 40 46 8 10 | 9-9-2004
00000692 | 9 17 22 25 42 3 6 | 27-7-1996
00001341 | 2 18 29 34 35 4 9 | 18-10-1971
00000025 | 21 22 29 33 34 3 5 | 10-6-2005
00000361 | 4 8 10 14 45 2 3 | 15-2-1974
00000203 | 3 6 18 20 39 7 8 | 7-7-2011
00000429 | 9 13 18 34 39 3 4 | 18-12-1970
00000708 | 4 8 20 38 43 2 8 | 7-11-2020
00000772 | 4 11 31 32 38 1 9 | 0-5-1988
00000986 | 10 14 20 35 48 5 8 | 6-7-2006
00000865 | 5 22 27 28 41 3 8 | 23-12-1971
00000997 | 15 24 31 32 36 3 10 | 13-10-1957
00001139 | 13 20 22 37 43 2 7 | 19-8-2004
00000287 | 18 22 24 25 41 7 11 | 23-5-1959
00001688 | 14 20 26 31 41 10 11 | 2-12-2003
00001340 | 5 11 24 44 47 7 10 | 9-3-1959
00001019 | 6 8 17 19 20 3 8 | 19-11-1998
00000931 | 2 18 29 42 47 7 9 | 15-1-1971
00000504 | 1 2 22 30 37 3 8 | 10-10-2016
00000784 | 2 7 35 36 50 6 11 | 12-10-1955
00000023 | 2 9 10 25 26 10 11 | 7-10-1973
00001318 | 4 13 21 35 40 8 10 | 2-11-1981
00000361 | 12 27 33 36 42 7 11 | 2-8-2008
00000035 | 8 32 38 45 50 3 6 | 21-1-1961
00000123 | 1 5 14 21 39 4 8 | 9-8-2007
00000176 | 3 6 8 41 49 6 11 | 11-6-1954
00000406 | 8 11 17 18 43 3 5 | 9-3-2013
00001232 | 21 30 34 35 47 4 10 | 3-8-1966
00001737 | 19 26 30 37 48 1 2 | 24-9-2005
00001605 | 9 17 21 41 42 4 9 | 10-10-2007
00000563 | 12 15 31 37 48 2 11 | 27-5-1970
00000748 | 2 15 20 32 46 1 5 | 27-5-1991
00001795 | 3 4 26 31 35 1 4 | 6-11-2005
00000000 | 9 11 12 20 48 1 6 | 12-7-1971
00001122 | 3 7 10 12 24 8 10 | 16-12-1987
00000606 | 3 25 26 36 47 9 10 | 22-4-1973
00001074 | 10 12 19 27 32 1 6 | 3-6-1963
00000739 | 2 4 9 22 50 3 6 | 19-7-2006
00000691 | 11 20 22 25 27 1 9 | 23-1-2005
00001952 | 8 16 18 23 49 6 8 | 26-2-1988
00000945 | 3 14 21 40 50 1 4 | 7-11-1970
00000953 | 4 24 32 37 45 2 5 | 1-5-1984
00000390 | 10 14 19 32 39 3 9 | 23-12-1973
00001798 | 21 23 32 35 46 5 8 | 21-8-1963
00001318 | 6 19 22 32 49 6 8 | 6-10-2011
00000625 | 6 19 23 29 48 7 11 | 16-5-1968
00001140 | 4 15 26 30 43 2 8 | 4-9-1952
00000791 | 2 15 24 35 48 8 11 | 9-9-2015
00000173 | 9 35 46 48 49 2 5 | 0-4-1959
00000827 | 19 23 25 31 38 1 5 | 7-4-1986
00000595 | 3 15 19 36 41 1 11 | 18-4-1951
00001733 | 9 19 26 40 46 1 5 | 0-12-1987
00000970 | 13 16 21 25 49 2 5 | 2-3-1976
00001044 | 2 10 19 29 34 4 6 | 21-4-2017
00000737 | 4 6 17 21 23 7 10 | 7-9-1987
00001720 | 1 9 13 19 33 7 11 | 20-7-1951
00000522 | 1 9 35 36 47 6 9 | 15-6-2008
00000806 | 5 9 10 34 44 5 6 | 4-6-1962
00001631 | 1 5 12 14 19 1 9 | 3-1-2017
00000343 | 1 16 21 34 43 8 11 | 7-10-1964
00001898 | 5 8 16 20 27 5 9 | 24-10-1963
00000790 | 14 16 19 29 46 6 8 | 22-4-2020
00000440 | 4 7 10 32 50 2 11 | 15-11-2000
00000812 | 7 23 26 38 42 4 6 | 26-7-2011
00000300 | 20 23 25 33 37 6 8 | 5-7-1996
00001308 | 16 17 18 20 42 2 8 | 21-10-1969
00000450 | 3 21 29 46 49 1 4 | 20-12-1960
00000697 | 14 15 35 39 40 7 10 | 7-10-1987
00001642 | 3 33 34 38 40 4 10 | 16-1-2007
00000648 | 5 23 25 38 42 5 9 | 10-6-1960
00000217 | 2 22 26 42 43 4 5 | 8-7-1997
00000096 | 3 14 28 34 45 2 4 | 21-7-1955
00001009 | 5 12 13 24 35 1 2 | 18-1-1988
00001778 | 5 15 34 37 43 2 4 | 7-12-1976
00000201 | 8 19 29 38 46 1 2 | 1-4-1969
00001020 | 2 14 29 47 50 1 9 | 16-5-1975
00001848 | 1 25 26 34 40 3 6 | 24-4-1979
00000975 | 3 11 15 24 37 4 10 | 5-12-2010
00000880 | 9 13 18 36 43 3 9 | 4-12-1964
00001854 | 19 29 37 39 47 7 9 | 25-12-2018
00001109 | 17 18 26 33 46 6 8 | 3-9-1954
00000423 | 6 13 14 27 37 10 11 | 20-9-2011
00001698 | 2 16 19 21 23 6 10 | 11-3-1954
00000001 | 5 20 29 35 42 6 8 | 9-3-1967
00001768 | 14 18 26 40 47 8 11 | 12-6-1984
00000872 | 14 15 19 43 50 1 9 | 27-4-1975
00001866 | 6 28 37 42 43 9 10 | 25-4-1951
00000354 | 10 19 37 46 47 9 11 | 26-11-1951
00000464 | 3 8 13 18 28 1 4 | 19-5-1965
00000742 | 7 18 19 40 46 2 10 | 9-1-2020
00001030 | 22 25 26 33 40 3 11 | 8-5-1996
00001742 | 18 20 29 31 43 7 11 | 16-4-1987
00001033 | 2 8 23 26 34 7 11 | 27-9-2014
00001161 | 3 10 40 47 50 1 2 | 8-1-1954
00000836 | 6 7 15 40 41 4 8 | 23-1-1982
00001597 | 4 12 25 31 43 3 5 | 25-12-2009
00001542 | 27 28 30 32 37 8 9 | 18-8-1962
00000316 | 1 24 36 37 41 7 11 | 19-1-2011
00000022 | 7 10 13 24 30 2 7 | 11-9-1987
00001153 | 2 3 15 22 35 6 11 | 18-5-1953
00001983 | 9 13 32 43 49 3 6 | 24-4-1978
00000686 | 8 10 16 33 34 3 9 | 3-12-1966
00000325 | 4 29 41 48 50 4 5 | 25-4-2005
00000057 | 15 16 29 34 48 2 10 | 12-7-2013
00001761 | 3 21 40 46 50 3 6 | 22-9-1976
00001053 | 13 20 23 33 37 2 7 | 19-3-1995
00000470 | 1 5 17 18 37 8 9 | 20-11-2010
00000342 | 8 16 20 31 36 7 8 | 11-8-1963
00000092 | 4 6 22 27 38 5 6 | 3-12-1983
00000510 | 11 17 36 44 49 6 9 | 0-6-1968
00001175 | 1 2 8 30 43 5 6 | 15-5-2011
00000447 | 22 32 33 34 46 1 7 | 11-2-1958
00000978 | 1 29 32 35 42 1 8 | 26-11-1993
00000959 | 4 5 31 32 38 6 7 | 12-2-1970
00000135 | 12 15 17 30 35 2 8 | 15-1-1962
00000867 | 3 8 14 21 30 5 11 | 15-1-2015
00000792 | 4 12 16 38 44 7 10 | 9-1-1979
00000962 | 7 8 13 39 45 1 5 | 4-9-1976
00000771 | 5 14 25 39 45 1 3 | 12-11-2015
00001762 | 6 7 13 27 44 7 11 | 27-3-2006
00001592 | 11 32 37 43 44 6 8 | 17-6-2000
00000849 | 13 20 24 28 47 5 9 | 22-10-1997
00000324 | 3 25 40 41 43 5 7 | 5-1-1977
00000260 | 1 5 22 26 27 3 10 | 23-1-1966
00001353 | 12 23 26 33 50 3 4 | 18-8-2013
00000838 | 9 31 43 44 50 5 10 | 9-10-1983
00001674 | 1 8 22 24 31 4 11 | 12-5-2006
00000193 | 10 18 20 31 41 3 9 | 22-12-1992
00000733 | 4 23 37 41 44 3 11 | 23-12-2020
00001997 | 1 17 31 36 47 1 7 | 11-10-1963
00000795 | 17 23 25 26 32 9 11 | 12-3-1964
00001958 | 6 16 26 40 46 4 6 | 2-5-1997
00001569 | 21 27 37 44 49 2 7 | 10-1-1997
00000863 | 3 12 17 20 47 4 8 | 1-3-2019
00001747 | 12 33 34 41 47 9 10 | 10-11-2019
00000531 | 3 6 15 22 32 8 10 | 15-5-1980
00001272 | 11 13 26 35 44 4 9 | 8-2-2021
00001100 | 3 18 40 41 45 1 4 | 9-1-1956
00000078 | 15 21 38 42 47 5 7 | 6-3-1951
00001551 | 1 11 17 26 39 2 4 | 23-6-1972
00001647 | 1 23 37 41 47 2 4 | 13-12-1980
00001979 | 6 14 19 32 36 8 9 | 17-7-1966
00001159 | 1 5 17 22 41 7 10 | 0-12-1956
00001750 | 6 15 22 41 50 6 10 | 6-5-2001
00001916 | 18 24 26 28 30 4 11 | 25-3-1960
00000527 | 3 4 14 17 36 3 9 | 0-8-1983
00000705 | 5 10 13 33 50 2 4 | 8-6-2002
00001149 | 15 31 40 47 49 1 9 | 26-4-1982
00000317 | 5 9 16 31 41 4 7 | 16-2-1994
00000731 | 15 19 31 34 36 1 11 | 13-8-1980
00001873 | 16 17 25 43 49 2 7 | 16-2-1964
00000389 | 12 28 35 38 39 4 5 | 10-5-1962
00000231 | 14 22 24 38 49 6 8 | 11-9-2018
00000447 | 1 6 15 34 36 1 10 | 4-11-1995
00001364 | 10 14 25 46 47 3 7 | 25-12-2011
00001687 | 8 10 16 23 27 2 4 | 23-1-2008
00001394 | 10 30 34 42 44 6 7 | 19-1-2002
00000690 | 1 23 32 43 48 4 10 | 13-11-2006
00000286 | 1 3 4 34 42 6 11 | 0-8-1992
00001282 | 20 23 25 46 48 8 11 | 7-3-1986
00000967 | 5 20 23 42 43 8 10 | 6-10-1989
00000798 | 8 14 18 31 40 1 10 | 21-9-2010
00001861 | 9 20 33 42 46 5 6 | 17-8-1973
00000444 | 4 5 17 21 34 1 10 | 22-10-1985
00001986 | 2 10 15 29 42 1 4 | 23-6-2019
00000742 | 15 24 28 34 47 1 7 | 22-1-1965
00000422 | 24 29 30 33 46 1 7 | 26-6-1973
00000138 | 4 6 9 24 29 3 7 | 26-5-1984
00000365 | 6 8 9 39 50 8 11 | 16-4-2008
00001682 | 1 2 8 30 49 5 9 | 19-11-1992
00000134 | 13 20 26 42 45 3 4 | 12-9-1982
00000161 | 8 17 21 27 42 10 11 | 21-3-2011
00001124 | 4 28 32 40 48 1 6 | 11-5-1997
00001251 | 8 9 14 16 47 7 10 | 20-10-2001
00001357 | 22 25 37 41 47 1 5 | 11-4-1970
00000451 | 1 16 21 24 39 9 11 | 1-9-1964
00000509 | 6 7 8 18 47 6 11 | 17-2-1995
00000867 | 5 8 19 25 30 6 8 | 17-5-1994
00000512 | 2 13 22 26 40 2 3 | 17-7-1964
00001200 | 4 25 33 40 42 8 10 | 9-7-2013
00001586 | 6 35 40 44 45 2 11 | 24-2-1965
00001467 | 17 22 26 29 50 10 11 | 16-9-1987
00000000 | 9 13 20 27 40 1 6 | 7-1-2006
00001683 | 10 18 24 27 35 1 11 | 27-10-1950
00001919 | 4 6 10 21 28 1 11 | 3-9-1955
00001034 | 8 9 21 29 32 4 10 | 25-7-1954
00000496 | 1 5 16 17 48 2 7 | 10-10-1979
00000747 | 5 7 32 40 48 3 11 | 2-12-1967
00001355 | 4 16 20 27 29 8 10 | 14-10-1993
00001489 | 19 22 24 39 44 3 5 | 0-7-1980
00001400 | 11 17 19 26 34 3 11 | 22-11-2008
00000137 | 13 29 30 39 44 1 3 | 18-10-1973
00001273 | 2 5 19 22 44 7 11 | 16-12-1955
00000526 | 2 16 18 31 45 4 9 | 22-2-1995
00001661 | 25 26 32 41 47 5 7 | 13-10-1982
00001896 | 13 31 34 48 49 1 11 | 21-8-1988
00001006 | 6 9 19 22 48 1 8 | 8-8-1971
00000976 | 8 16 40 42 48 9 11 | 7-9-2006
00000851 | 10 11 23 29 44 4 7 | 24-2-1978
00001646 | 7 28 31 43 44 2 5 | 6-9-1998
00000236 | 8 14 15 19 26 1 2 | 8-11-1987
00000307 | 12 17 43 48 49 2 11 | 10-2-1977
00000102 | 1 14 22 25 40 3 8 | 4-10-1969
00000584 | 1 7 14 19 34 3 7 | 26-4-1985
00001114 | 6 10 11 13 18 10 11 | 4-3-1958
00000503 | 1 15 39 43 50 2 3 | 1-7-1979
00000068 | 11 12 16 18 32 3 4 | 10-7-1979
00000085 | 5 19 33 35 49 4 7 | 18-7-1954
00000566 | 1 9 20 44 46 1 5 | 4-6-1958
00001063 | 21 23 25 30 37 1 5 | 10-8-2016
00000081 | 6 13 21 25 46 2 10 | 10-11-1999
00001344 | 5 20 26 39 43 5 8 | 7-5-1966
00001371 | 1 5 28 31 50 3 8 | 14-4-1962
00001095 | 15 20 29 33 36 2 11 | 12-7-1977
00001294 | 7 10 18 35 45 1 5 | 22-5-2004
00000467 | 3 15 20 27 39 3 5 | 16-6-1954
00001339 | 11 12 13 15 16 2 3 | 6-7-2006
00001232 | 3 19 26 31 50 4 6 | 17-12-2019
00001182 | 4 20 28 45 48 1 2 | 20-11-1997
00001378 | 8 11 37 43 48 8 10 | 15-2-2019
00001682 | 6 7 20 36 38 10 11 | 25-3-1977
00001555 | 16 18 28 40 42 3 9 | 2-10-2001
00000208 | 2 12 19 38 48 3 11 | 3-1-1979
00001550 | 3 14 33 47 50 4 9 | 16-10-1970
00001159 | 23 24 33 39 40 3 4 | 4-7-1985
00001628 | 16 23 33 36 38 1 9 | 7-5-2006
00001956 | 12 13 22 27 45 5 11 | 26-6-1993
00001412 | 1 16 35 45 50 3 11 | 17-6-1957
00001236 | 2 19 22 24 38 1 10 | 21-11-1952
00000499 | 2 3 35 38 43 1 6 | 25-8-1954
00000168 | 4 16 20 21 32 4 8 | 16-3-1999
00000164 | 4 12 18 41 43 4 5 | 14-11-1960
00000195 | 6 7 17 24 48 6 8 | 1-2-1968
00000797 | 3 14 27 31 41 3 8 | 21-3-1957
00001901 | 17 19 27 33 47 5 11 | 12-4-1991
00001694 | 18 24 29 32 37 6 10 | 19-12-1955
00000131 | 9 13 18 41 50 6 10 | 6-12-1951
00001862 | 12 14 26 36 49 7 11 | 15-10-1971
00000079 | 21 24 25 26 29 9 11 | 22-3-1962
00001177 | 12 18 21 31 36 3 4 | 17-11-1983
00000912 | 2 24 33 34 43 5 9 | 10-10-1969
00001676 | 6 11 17 26 41 5 8 | 14-5-1991
00001332 | 10 16 18 22 50 1 6 | 12-6-1961
00000291 | 7 12 31 32 46 2 6 | 24-3-2020
00001749 | 15 19 29 34 49 5 9 | 21-6-1990
00000291 | 2 27 29 40 41 1 10 | 13-3-1994
00000998 | 4 16 19 36 43 2 11 | 6-8-1977
00001273 | 6 11 30 33 47 1 7 | 21-4-1982
00000955 | 4 18 21 27 28 3 8 | 9-9-2010
00000147 | 18 26 34 42 45 2 10 | 13-1-1990
00000971 | 7 19 29 34 48 1 6 | 21-8-2021
00001432 | 2 38 39 41 50 6 8 | 0-2-1983
00000674 | 4 7 16 18 48 1 11 | 20-4-1972
00001682 | 8 17 34 42 46 5 11 | 27-3-1989
00001071 | 4 7 27 28 37 2 4 | 5-4-2011
00001973 | 14 23 31 39 49 4 7 | 22-6-2002
00001033 | 2 11 26 27 37 4 5 | 17-9-1974
00001964 | 6 23 29 34 39 4 10 | 16-5-1974
00001456 | 5 16 31 33 46 4 10 | 13-4-1958
00000326 | 15 18 25 44 50 1 9 | 5-7-1990
00001836 | 1 12 17 27 31 1 3 | 7-7-1984
00000999 | 7 15 17 24 31 4 11 | 19-7-1956
00000535 | 15 19 30 33 47 2 6 | 1-8-2009
00000103 | 15 16 24 34 42 5 10 | 19-12-2016
00001155 | 15 23 38 43 44 5 9 | 8-8-1950
00001261 | 38 39 40 41 50 5 6 | 4-1-1958
00001544 | 6 16 26 36 46 4 9 | 10-3-1954
00001384 | 3 19 26 30 48 5 9 | 11-8-1950
00001199 | 18 24 27 30 45 5 11 | 9-4-1954
00000040 | 6 17 33 42 45 10 11 | 6-10-2009
00001303 | 1 29 31 32 33 4 7 | 4-2-1957
00000896 | 23 24 26 41 42 1 9 | 10-7-2013
00000253 | 3 12 25 39 41 3 5 | 2-12-1956
00000088 | 1 18 40 45 46 6 9 | 25-2-1959
00001301 | 1 14 21 23 43 2 10 | 12-8-1956
00001968 | 9 13 19 27 32 2 10 | 2-1-2005
00001283 | 1 8 25 28 34 1 3 | 13-3-2001
00000899 | 30 32 37 39 47 4 7 | 4-6-2003
00001564 | 9 16 29 45 49 2 4 | 3-5-2018
00000917 | 19 21 26 28 36 1 9 | 22-9-1973
00001637 | 4 13 20 21 44 6 9 | 13-9-2015
00001698 | 2 8 9 21 48 6 10 | 24-10-1952
00000269 | 2 17 26 29 34 7 10 | 27-1-1963
00001004 | 8 21 23 24 46 4 6 | 26-9-2021
00000341 | 5 19 26 31 33 1 6 | 23-3-1965
00001518 | 10 12 14 17 41 1 7 | 27-10-2015
00000389 | 3 9 18 29 40 2 9 | 1-1-1957
00001400 | 3 23 35 36 49 1 4 | 13-8-1954
00000682 | 23 29 37 39 40 7 11 | 8-3-1952
00001288 | 6 21 29 45 48 3 5 | 14-10-1997
00000531 | 6 10 17 22 49 7 8 | 16-10-1952
00001768 | 12 16 19 29 45 4 10 | 27-2-1951
00001947 | 13 18 24 28 38 4 11 | 5-9-2018
00000446 | 8 14 15 32 48 6 9 | 27-12-2013
00001407 | 4 7 37 46 49 5 9 | 2-8-2012
00001548 | 11 20 43 47 50 4 11 | 20-8-1983
00000195 | 6 16 22 36 46 8 9 | 21-5-1989
00000788 | 6 7 24 32 43 1 6 | 22-9-1951
00001410 | 22 24 28 30 36 3 6 | 16-11-1986
00000076 | 21 23 24 28 38 3 4 | 4-10-1964
00001923 | 3 12 17 36 38 3 6 | 0-2-2012
00001494 | 2 20 35 38 41 5 11 | 17-10-1956
00001933 | 4 7 9 38 48 8 11 | 13-11-2018
00000127 | 2 20 24 32 41 4 11 | 24-8-1979
00000016 | 16 20 25 35 43 2 9 | 26-6-2010
00000000 | 4 7 9 12 35 5 8 | 20-1-2006
00001231 | 3 4 10 43 44 3 11 | 12-2-1993
00000051 | 3 7 44 46 48 10 11 | 1-3-1990
00001205 | 1 4 7 23 50 7 8 | 14-9-1981
00000850 | 4 15 28 35 49 5 10 | 0-6-2010
00000741 | 6 7 17 28 41 2 7 | 4-12-1974
00001292 | 4 6 9 20 28 2 9 | 14-4-2009
00000797 | 19 23 35 37 44 2 10 | 17-9-1981
00000119 | 9 16 33 35 45 1 8 | 9-12-1994
00000412 | 5 9 16 28 39 1 6 | 1-3-2021
00001975 | 1 13 18 24 36 2 9 | 20-4-1953
00000973 | 23 31 33 39 45 6 9 | 6-11-1992
00000147 | 10 15 18 33 37 4 6 | 23-1-2020
00000764 | 10 17 18 26 46 4 8 | 17-10-1959
00001256 | 17 19 22 38 44 4 6 | 9-11-2004
00000803 | 10 11 23 32 38 2 8 | 11-3-2015
00001416 | 4 9 12 26 50 2 6 | 15-8-1998
00000988 | 11 21 24 26 45 8 10 | 2-6-1956
00001295 | 25 30 32 35 45 5 9 | 23-1-1974
00001771 | 5 21 32 43 44 2 4 | 18-8-2009
00001676 | 17 30 33 34 37 7 10 | 5-1-2003
00001922 | 3 5 13 24 32 3 5 | 17-8-1985
00001258 | 2 6 12 22 35 8 9 | 24-9-2007
00001517 | 7 9 19 35 44 2 7 | 10-7-2006
00001897 | 10 15 16 24 30 1 4 | 20-4-1959
00001365 | 5 13 23 33 35 1 2 | 1-9-1953
00000653 | 10 13 31 40 41 10 11 | 26-4-1967
00000157 | 1 2 6 7 37 6 8 | 24-10-1980
00000932 | 1 3 18 28 31 4 10 | 12-11-1988
00001536 | 25 30 32 46 49 4 5 | 8-8-2018
00000212 | 4 34 45 48 49 3 6 | 24-9-1985
00000067 | 5 11 20 39 48 2 7 | 1-5-1975
00001314 | 2 7 24 28 33 4 9 | 20-10-1993
00000079 | 4 9 24 36 48 5 6 | 8-3-2020
00001994 | 5 12 22 23 42 4 7 | 0-2-1955
00001280 | 7 17 33 34 41 4 6 | 16-6-1968
00000949 | 25 29 34 36 46 3 7 | 18-12-1967
00000879 | 2 8 10 12 13 8 9 | 9-8-1981
00000158 | 10 13 15 28 41 1 10 | 22-9-1956
00000722 | 2 7 14 37 39 8 9 | 10-1-2011
00001569 | 6 11 29 34 48 4 11 | 21-7-1966
00001079 | 4 18 35 42 45 2 9 | 5-9-1952
00001450 | 17 23 25 33 39 1 9 | 14-12-1969
00000443 | 15 18 19 40 46 3 5 | 12-11-1987
00000993 | 12 20 21 38 50 2 4 | 13-9-2013
00000503 | 17 33 34 49 50 8 9 | 11-3-1964
00001272 | 22 26 35 36 49 2 11 | 17-12-1990
00001036 | 16 29 36 38 39 1 8 | 1-4-1969
00001454 | 7 20 22 37 39 6 10 | 3-7-1952
00001192 | 25 27 31 34 47 3 5 | 24-12-1981
00001737 | 4 15 17 29 46 1 11 | 21-6-1955
00000354 | 2 9 19 28 33 1 4 | 11-10-2015
00000584 | 14 32 34 40 45 4 6 | 19-11-1970
00001644 | 4 9 22 39 49 5 8 | 26-5-1984
00001862 | 9 27 31 38 40 4 9 | 22-8-2002
00000302 | 2 10 21 36 48 4 9 | 4-7-1958
00001930 | 16 30 37 41 50 1 8 | 2-3-2011
00001042 | 33 37 38 42 46 6 8 | 15-12-2015
00001472 | 8 15 34 37 47 6 8 | 5-1-1965
00001079 | 5 19 26 41 44 5 8 | 0-3-1969
00000977 | 21 29 34 40 41 5 6 | 13-10-1951
00001510 | 4 19 27 48 50 3 11 | 6-4-1954
00001299 | 2 24 36 43 44 7 10 | 24-10-1963
00001946 | 8 18 19 37 48 8 10 | 16-11-1967
00000396 | 13 19 22 27 35 6 8 | 0-9-1979
00001921 | 8 17 20 26 36 1 8 | 20-2-1981
00000799 | 4 18 21 40 50 2 4 | 16-3-1962
00000127 | 4 9 16 23 40 9 11 | 21-7-2019
00001060 | 3 7 11 16 36 10 11 | 14-3-1964
00000790 | 7 13 44 45 47 5 6 | 26-9-1982
00000391 | 10 32 44 47 50 2 4 | 3-6-2005
00000921 | 15 25 28 43 47 6 9 | 22-12-1977
00001413 | 6 10 15 23 45 3 11 | 3-9-2005
00000771 | 11 14 15 24 29 8 9 | 23-11-1950
00001743 | 29 31 32 42 44 7 11 | 1-3-2003
00001509 | 9 22 30 37 47 2 7 | 4-6-2010
00000046 | 11 25 32 39 46 2 3 | 12-1-1998
00000628 | 9 12 37 43 46 9 10 | 7-5-1993
00000392 | 18 22 29 36 43 4 6 | 0-7-1996
00001766 | 3 8 13 15 33 6 10 | 9-1-1980
00000382 | 16 39 41 42 49 3 9 | 10-6-2013
00001061 | 15 33 36 40 43 2 4 | 5-12-1953
00001971 | 9 14 15 35 36 6 7 | 1-6-1989
00001382 | 3 8 15 30 46 10 11 | 0-1-1955
00001957 | 17 28 37 47 50 6 10 | 1-11-1977
00000172 | 5 10 44 48 49 3 7 | 1-12-2019
00001147 | 10 13 17 18 37 1 8 | 9-7-2010
00000209 | 2 4 21 35 45 1 7 | 3-1-1994
00001278 | 17 20 26 38 48 1 9 | 20-2-2019
00000923 | 1 12 18 21 30 6 9 | 4-3-1958
00000789 | 14 21 24 46 50 2 10 | 1-10-1985
00001756 | 4 12 15 38 45 7 10 | 15-10-1957
00001922 | 2 22 23 47 48 2 6 | 21-1-1957
00001479 | 10 18 21 25 33 6 10 | 13-1-2002
00001584 | 14 39 40 44 49 4 5 | 19-6-2006
00000839 | 7 9 18 22 42 2 3 | 23-4-2005
00000165 | 13 26 28 29 37 1 11 | 10-2-1967
00000095 | 29 35 39 45 46 3 11 | 24-11-1959
00000865 | 8 13 37 45 50 7 11 | 5-10-2010
00001369 | 3 6 13 33 40 8 11 | 17-3-2012
00001730 | 11 16 23 25 46 3 4 | 21-2-1971
00000180 | 4 11 16 20 32 3 11 | 8-6-1989
00000469 | 2 6 14 26 45 4 7 | 22-5-1966
00001810 | 29 30 46 48 49 6 8 | 5-6-2017
00001395 | 1 28 30 40 43 2 10 | 17-7-2010
00000755 | 10 21 26 32 43 2 8 | 24-1-1970
00001064 | 9 32 42 44 50 6 9 | 14-2-1989
00001968 | 7 25 26 30 41 4 8 | 9-7-1972
00001405 | 5 15 25 36 39 3 9 | 26-8-1965
00000802 | 9 15 24 30 31 9 11 | 4-10-2002
00001535 | 10 19 28 43 45 2 8 | 2-8-1995
00000832 | 5 22 23 24 30 4 9 | 26-11-2006
00000949 | 10 15 21 37 49 3 9 | 19-10-2019
00001493 | 5 12 21 25 50 2 7 | 16-2-2019
00000170 | 1 18 22 33 39 1 11 | 26-6-1995
00000294 | 4 17 27 31 42 2 10 | 22-4-2006
00001914 | 1 2 5 31 44 2 6 | 25-11-1961
00000210 | 6 13 27 30 48 4 7 | 17-11-2004
00000546 | 5 7 28 33 47 10 11 | 25-7-1984
00001334 | 6 9 16 22 41 3 8 | 19-11-1992
00001051 | 4 14 19 39 44 6 9 | 24-9-1991
00001564 | 15 30 33 35 40 6 9 | 13-5-1986
00000619 | 1 16 19 20 42 1 9 | 26-4-1958
00001384 | 4 5 15 16 18 3 7 | 23-12-1966
00000430 | 6 12 27 30 31 2 4 | 24-4-1962
00001512 | 14 15 16 22 37 6 8 | 25-9-1964
00000215 | 5 9 11 19 40 5 8 | 9-3-1962
00000578 | 13 19 29 40 45 3 6 | 4-1-2016
00000180 | 14 23 26 31 32 5 6 | 16-5-1988
00001566 | 3 13 14 18 35 2 7 | 17-3-1959
00001902 | 13 27 31 33 36 6 8 | 18-8-1977
00001773 | 33 38 42 45 49 6 10 | 17-7-1967
00001210 | 2 7 18 35 45 1 5 | 12-10-1982
00001088 | 4 9 31 43 50 5 11 | 4-5-1997
00001121 | 8 9 16 26 30 6 9 | 3-8-1953
00000164 | 8 12 25 42 49 2 3 | 0-9-1996
00001850 | 8 14 20 28 45 1 11 | 18-5-1991
00000188 | 12 14 23 29 49 8 11 | 19-5-2020
00000650 | 9 12 16 24 50 7 8 | 11-12-1973
00001303 | 4 29 32 38 49 7 10 | 13-10-1957
00001297 | 1 2 27 30 48 4 7 | 22-9-2018
00001606 | 1 37 38 45 48 7 9 | 3-11-2010
00001678 | 2 5 6 17 25 2 7 | 22-8-1962
00000193 | 1 3 10 32 44 1 6 | 23-2-1992
00000436 | 30 35 36 40 45 2 7 | 14-9-2017
00001610 | 2 13 25 32 50 3 5 | 1-10-1993
00000229 | 2 16 18 43 45 1 10 | 11-1-2012
00001354 | 7 22 41 45 50 4 9 | 1-12-1968
00000088 | 4 16 25 35 50 1 6 | 24-12-1995
00000641 | 1 18 24 31 36 6 10 | 2-4-1960
00001502 | 1 5 11 23 31 1 5 | 5-6-2009
00000068 | 3 6 17 42 46 3 10 | 7-8-2009
00001458 | 4 7 14 15 38 7 8 | 11-3-1986
00000431 | 12 18 19 27 47 3 7 | 22-8-2008
00001992 | 11 12 15 19 37 8 10 | 5-9-1970
